ts_code,trade_date,open,high,low,close,pre_close,change,pct_chg,vol,amount
002603.SZ,20110729,40.99,48.5,40.1,47.2,,,,699871.3500000001,3103452.0514
002603.SZ,20110805,46.01,48.5,42.41,43.33,47.2,-3.8700000000000045,-8.199152542372891,621772.25,2840012.8389
002603.SZ,20110812,42.36,43.64,38.01,42.7,43.33,-0.6299999999999955,-1.453957996768972,403014.28,1669757.3383
002603.SZ,20110819,42.7,44.15,39.5,40.05,42.7,-2.6500000000000057,-6.206088992974252,220858.88,933360.6557
002603.SZ,20110826,40.25,43.06,39.58,42.45,40.05,2.4000000000000057,5.992509363295895,161120.35,670051.4698
002603.SZ,20110902,42.1,43.57,38.89,39.5,42.45,-2.950000000000003,-6.949352179034165,151680.88,628056.817
002603.SZ,20110909,39.03,40.2,38.28,38.8,39.5,-0.7000000000000028,-1.7721518987341847,82550.16,323322.8895
002603.SZ,20110916,38.91,40.33,38.4,39.4,38.8,0.6000000000000014,1.5463917525773232,46695.26,184430.4907
002603.SZ,20110923,39.0,39.0,36.61,37.12,39.4,-2.280000000000001,-5.7868020304568555,78371.88,295999.1984
002603.SZ,20110930,37.12,39.0,36.7,38.3,37.12,1.1799999999999997,3.1788793103448274,70854.38,266200.5746
002603.SZ,20111014,38.11,38.3,35.83,36.44,38.3,-1.8599999999999994,-4.85639686684073,54349.89,200361.7482
002603.SZ,20111021,36.44,38.3,34.5,35.3,36.44,-1.1400000000000006,-3.1284302963776085,70989.12,261391.18550000002
002603.SZ,20111028,35.11,38.45,34.4,37.72,35.3,2.4200000000000017,6.855524079320119,81753.15,300915.2978
002603.SZ,20111104,37.41,40.25,37.41,38.85,37.72,1.1300000000000026,2.9957582184517566,92953.65,364552.2706
002603.SZ,20111111,38.9,40.49,37.93,39.58,38.85,0.7299999999999969,1.8790218790218707,66678.74,262706.33
002603.SZ,20111118,39.62,41.3,39.58,39.95,39.58,0.37000000000000455,0.9348155634158781,81973.01000000001,330680.1411
002603.SZ,20111125,40.02,42.1,39.2,40.82,39.95,0.8699999999999974,2.177722152690857,59521.55,241835.9848
002603.SZ,20111202,40.82,41.8,38.52,38.99,40.82,-1.8299999999999983,-4.483096521313078,64685.56,261194.81590000002
002603.SZ,20111209,38.74,39.59,37.01,39.01,38.99,0.01999999999999602,0.05129520389842529,33005.39,126928.39760000001
002603.SZ,20111216,38.92,39.25,36.0,37.81,39.01,-1.1999999999999957,-3.0761343245321604,24176.18,91253.37
002603.SZ,20111223,37.79,38.38,36.66,37.89,37.81,0.0799999999999983,0.21158423697434087,30187.58,113270.7257
002603.SZ,20111230,38.15,39.35,27.35,29.33,37.89,-8.560000000000002,-22.591712852995517,39710.59,149137.04570000002
002603.SZ,20120106,29.41,29.69,25.97,26.49,29.33,-2.84,-9.68291851346744,22988.36,83644.3153
002603.SZ,20120113,26.57,29.11,25.97,28.03,26.49,1.5400000000000027,5.813514533786345,45001.270000000004,165021.7068
002603.SZ,20120120,28.0,28.25,22.16,26.17,28.03,-1.8599999999999994,-6.635747413485548,73844.82,247578.07800000004
002603.SZ,20120203,25.9,25.9,24.22,25.06,26.17,-1.110000000000003,-4.241497898356909,22522.77,73346.7713
002603.SZ,20120210,25.21,25.95,25.02,25.4,25.06,0.33999999999999986,1.3567438148443731,28699.0,95289.9245
002603.SZ,20120217,25.21,27.09,25.1,26.43,25.4,1.0300000000000011,4.055118110236225,54866.78,189300.5745
002603.SZ,20120224,26.52,27.45,26.04,27.1,26.43,0.6700000000000017,2.5349981082103734,45171.95,158357.3606
002603.SZ,20120302,27.23,27.42,25.67,26.62,27.1,-0.4800000000000004,-1.771217712177123,86070.59,297340.8053
002603.SZ,20120309,26.66,26.72,24.87,25.66,26.62,-0.9600000000000009,-3.6063110443275765,74706.57,250938.3645
002603.SZ,20120316,25.59,26.79,24.98,26.06,25.66,0.3999999999999986,1.5588464536243125,102278.89,348027.1854
002603.SZ,20120323,26.09,26.84,24.91,25.16,26.06,-0.8999999999999986,-3.453568687643893,78048.8,267222.46640000003
002603.SZ,20120330,25.17,25.44,22.46,22.8,25.16,-2.3599999999999994,-9.379968203497613,55065.45,171405.08610000001
002603.SZ,20120406,22.79,23.21,22.62,22.9,22.8,0.09999999999999787,0.43859649122806077,32425.39,97335.0889
002603.SZ,20120413,22.91,23.4,21.7,23.15,22.9,0.25,1.091703056768559,76826.27,227547.5155
002603.SZ,20120420,22.92,23.91,22.31,23.91,23.15,0.7600000000000016,3.282937365010806,62805.05,190287.8945
002603.SZ,20120427,23.87,24.6,22.69,23.66,23.91,-0.25,-1.0455876202425762,82388.95,256012.99209999997
002603.SZ,20120504,23.83,24.83,23.44,24.83,23.66,1.1699999999999982,4.945054945054937,42120.01,133454.7191
002603.SZ,20120511,24.55,25.49,24.32,24.98,24.83,0.15000000000000213,0.6041079339508746,73219.37,238755.438
002603.SZ,20120518,25.17,25.37,24.16,24.83,24.98,-0.15000000000000213,-0.6004803843074544,45027.229999999996,146273.0705
002603.SZ,20120525,24.83,25.44,24.22,25.13,24.83,0.3000000000000007,1.2082158679017347,51568.130000000005,167909.0661
002603.SZ,20120601,25.13,25.97,25.02,25.74,25.13,0.6099999999999994,2.427377636291283,64148.93,214810.10199999998
002603.SZ,20120608,25.51,27.08,25.23,25.6,25.74,-0.13999999999999702,-0.5439005439005323,80715.76,277532.7222
002603.SZ,20120615,25.7,27.69,25.11,27.39,25.6,1.7899999999999991,6.9921874999999964,77631.87,208511.2451
002603.SZ,20120621,27.44,28.39,26.48,27.18,27.39,-0.21000000000000085,-0.7667031763417337,68421.84,188346.7149
002603.SZ,20120629,27.01,27.87,26.21,27.44,27.18,0.26000000000000156,0.9565857247976511,77340.42,208235.14059999998
002603.SZ,20120706,27.66,28.17,24.44,25.98,27.44,-1.4600000000000009,-5.320699708454813,117688.57,312429.97239999997
002603.SZ,20120713,25.99,26.55,23.8,25.0,25.98,-0.9800000000000004,-3.7721324095458058,188302.47999999998,469475.3391
002603.SZ,20120720,24.62,26.78,24.17,26.73,25.0,1.7300000000000004,6.920000000000001,121529.19,314999.301
002603.SZ,20120727,26.6,27.51,25.42,25.51,26.73,-1.2199999999999989,-4.564160119715671,89744.97,240496.33130000002
002603.SZ,20120803,25.35,27.99,25.28,26.79,25.51,1.2799999999999976,5.017640141121119,49588.770000000004,130894.53039999999
002603.SZ,20120810,26.69,29.39,26.6,29.15,26.79,2.3599999999999994,8.809257185516982,73758.05,206949.4432
002603.SZ,20120817,29.17,29.39,27.2,27.79,29.15,-1.3599999999999994,-4.6655231560891925,80630.26000000001,228111.5811
002603.SZ,20120824,26.9,27.79,25.8,26.92,27.79,-0.8699999999999974,-3.130622526088512,82473.05,221611.2193
002603.SZ,20120831,27.0,27.05,24.95,26.19,26.92,-0.7300000000000004,-2.7117384843982184,38404.85,101351.5174
002603.SZ,20120907,26.15,26.77,25.6,26.5,26.19,0.3099999999999987,1.1836578846888075,47732.76,125612.4676
002603.SZ,20120913,26.55,29.13,26.55,27.85,26.5,1.3500000000000014,5.094339622641515,162187.71,460018.9423
002603.SZ,20120921,29.69,29.86,26.21,26.63,27.85,-1.2200000000000024,-4.3806104129264,99300.66,277905.1929
002603.SZ,20120928,27.41,27.69,26.46,27.62,26.63,0.990000000000002,3.717611716109658,84374.94,230560.6504
002603.SZ,20121012,27.66,27.91,26.62,27.03,27.62,-0.5899999999999999,-2.136133236784938,87925.06999999999,241897.56310000003
002603.SZ,20121019,27.1,27.1,25.91,26.95,27.03,-0.08000000000000185,-0.2959674435812129,43238.44,115734.13059999999
002603.SZ,20121026,26.95,27.0,24.71,24.9,26.95,-2.0500000000000007,-7.606679035250467,66317.33,170825.7425
002603.SZ,20121102,23.79,25.2,23.51,24.45,24.9,-0.4499999999999993,-1.8072289156626478,51745.82,126355.7961
002603.SZ,20121109,24.33,24.89,23.51,23.81,24.45,-0.6400000000000006,-2.617586912065442,49572.77,120493.76220000001
002603.SZ,20121116,23.76,23.89,20.91,21.12,23.81,-2.6899999999999977,-11.2977740445191,60490.049999999996,134450.5832
002603.SZ,20121123,21.22,21.42,19.92,21.1,21.12,-0.019999999999999574,-0.09469696969696767,36008.66,75648.8337
002603.SZ,20121130,21.1,21.2,19.93,21.04,21.1,-0.060000000000002274,-0.2843601895734705,39540.44,82133.9642
002603.SZ,20121207,21.04,21.72,20.53,21.17,21.04,0.13000000000000256,0.6178707224334723,37640.34,79691.1043
002603.SZ,20121214,21.2,23.19,20.92,22.41,21.17,1.2399999999999984,5.8573452999527555,109059.95,241946.8654
002603.SZ,20121221,22.4,22.4,21.26,21.7,22.41,-0.7100000000000009,-3.1682284694332923,120654.79000000001,261265.8054
002603.SZ,20121228,21.71,23.01,21.57,22.94,21.7,1.240000000000002,5.714285714285724,109677.62,247386.43779999999
002603.SZ,20130104,23.05,24.21,22.71,23.84,22.94,0.8999999999999986,3.923278116826497,44016.740000000005,103510.54430000001
002603.SZ,20130111,24.23,25.08,23.71,23.86,23.84,0.019999999999999574,0.08389261744966264,109552.13,268034.3652
002603.SZ,20130118,24.27,26.28,24.26,25.83,23.86,1.9699999999999989,8.256496227996642,141492.69,362770.0581
002603.SZ,20130125,25.69,26.09,23.78,24.72,25.83,-1.1099999999999994,-4.297328687572588,81138.22,202645.35499999998
002603.SZ,20130201,24.85,25.08,24.21,24.31,24.72,-0.41000000000000014,-1.658576051779936,80891.2,199196.8461
002603.SZ,20130208,24.34,24.69,23.09,24.52,24.31,0.21000000000000085,0.8638420403126321,94380.1,227016.4087
002603.SZ,20130222,24.64,26.45,24.41,25.26,24.52,0.740000000000002,3.0179445350734175,141548.9,360744.1094
002603.SZ,20130301,25.6,26.68,24.77,26.46,25.26,1.1999999999999993,4.750593824228026,186717.33000000002,482704.799
002603.SZ,20130308,26.42,27.29,24.72,24.83,26.46,-1.6300000000000026,-6.160241874527599,188497.9,488929.36840000004
002603.SZ,20130311,24.79,24.86,24.26,24.86,24.83,0.030000000000001137,0.12082158679017777,20237.94,49867.2738
002603.SZ,20130322,26.9,27.29,25.61,27.1,24.86,2.240000000000002,9.0104585679807,346171.5,912684.8886
002603.SZ,20130329,26.92,29.12,26.92,27.39,27.1,0.28999999999999915,1.070110701107008,227859.55,643181.6157
002603.SZ,20130403,28.08,28.39,26.2,26.86,27.39,-0.5300000000000011,-1.9350127783862765,131738.67,361764.714
002603.SZ,20130412,29.55,30.68,26.42,27.01,26.86,0.15000000000000213,0.5584512285927108,694582.0700000001,1999463.9882
002603.SZ,20130419,27.99,28.38,25.4,26.1,27.01,-0.9100000000000001,-3.3691225472047392,329544.93,872760.4879000001
002603.SZ,20130426,25.9,26.2,24.11,24.17,26.1,-1.9299999999999997,-7.394636015325669,245769.57,621148.1029
002603.SZ,20130503,23.81,24.6,23.28,24.36,24.17,0.18999999999999773,0.7860984691766558,53965.79,130176.09770000001
002603.SZ,20130510,24.44,25.2,24.15,25.17,24.36,0.8100000000000023,3.3251231527093688,145178.6,359189.2073
002603.SZ,20130517,25.19,25.89,24.77,25.74,25.17,0.5699999999999967,2.2646007151370546,130430.05,332594.0917
002603.SZ,20130524,25.8,25.83,24.73,25.13,25.74,-0.6099999999999994,-2.3698523698523677,135174.68,340784.7384
002603.SZ,20130531,25.13,29.1,25.02,27.84,25.13,2.710000000000001,10.783923597294075,267784.48,729993.5253
002603.SZ,20130607,27.81,28.11,25.11,25.46,27.84,-2.379999999999999,-8.54885057471264,150510.04,400773.3842
002603.SZ,20130614,24.95,26.15,24.02,26.01,25.46,0.5500000000000007,2.1602513747054233,42739.43,107656.69639999999
002603.SZ,20130621,26.01,26.43,23.96,24.39,26.01,-1.620000000000001,-6.228373702422148,65988.3,167647.8941
002603.SZ,20130628,24.14,24.5,20.87,22.76,24.39,-1.629999999999999,-6.683066830668302,105262.02,242131.29460000002
002603.SZ,20130705,22.76,24.76,22.52,23.89,22.76,1.129999999999999,4.964850615114231,100555.59,240894.7925
002603.SZ,20130712,23.4,26.89,23.0,26.26,23.89,2.370000000000001,9.92046881540394,149800.40000000002,377642.09510000004
002603.SZ,20130719,26.6,30.8,26.6,30.41,26.26,4.149999999999999,15.803503427265797,225854.1,648009.6835
002603.SZ,20130726,30.05,34.15,30.0,32.04,30.41,1.629999999999999,5.360078921407428,215490.43,696302.84
002603.SZ,20130802,31.7,32.78,30.4,32.1,32.04,0.060000000000002274,0.18726591760300335,95868.87,304032.3676
002603.SZ,20130809,32.12,36.28,32.0,35.0,32.1,2.8999999999999986,9.034267912772581,140253.06,488047.3178
002603.SZ,20130816,35.01,35.65,30.96,31.5,35.0,-3.5,-10.0,138391.61,455948.66990000004
002603.SZ,20130823,31.69,33.45,31.68,32.51,31.5,1.009999999999998,3.2063492063492003,78063.64,255311.02839999998
002603.SZ,20130830,32.61,35.52,30.55,31.55,32.51,-0.9599999999999973,-2.9529375576745536,158333.06,521354.9728
002603.SZ,20130906,31.0,32.68,29.6,31.6,31.55,0.05000000000000071,0.15847860538827482,105834.24,332085.6925
002603.SZ,20130913,31.2,31.69,29.58,30.5,31.6,-1.1000000000000014,-3.481012658227853,104144.05,317125.7086
002603.SZ,20130918,30.8,30.99,29.88,30.16,30.5,-0.33999999999999986,-1.1147540983606552,39308.29,119569.80990000001
002603.SZ,20130927,30.18,33.99,30.0,33.39,30.16,3.2300000000000004,10.709549071618039,145704.27,470872.2264
002603.SZ,20130930,33.59,33.95,32.83,33.38,33.39,-0.00999999999999801,-0.029949086552854175,15109.1,50286.2272
002603.SZ,20131011,33.38,33.8,31.9,33.75,33.38,0.36999999999999744,1.1084481725584105,70312.82,231432.92369999998
002603.SZ,20131018,34.0,35.5,31.4,31.41,33.75,-2.34,-6.933333333333333,139215.7,461468.50430000003
002603.SZ,20131025,31.56,34.44,30.98,31.35,31.41,-0.05999999999999872,-0.19102196752626144,106379.83,348949.1479
002603.SZ,20131101,31.39,32.97,30.31,30.93,31.35,-0.4200000000000017,-1.3397129186602925,95275.34,300473.0545
002603.SZ,20131108,31.39,32.21,30.08,30.08,30.93,-0.8500000000000014,-2.7481409634658953,64190.71,201442.787
002603.SZ,20131115,30.33,31.1,28.73,29.62,30.08,-0.4599999999999973,-1.5292553191489273,77541.16,231858.0682
002603.SZ,20131122,29.96,31.49,29.72,30.57,29.62,0.9499999999999993,3.207292370020254,69285.37,212932.2384
002603.SZ,20131129,30.36,32.87,30.33,32.66,30.57,2.0899999999999963,6.836768073274439,89045.72,281270.4919
002603.SZ,20131206,31.7,32.6,29.9,31.79,32.66,-0.8699999999999974,-2.663808940600115,101712.73,318070.9854
002603.SZ,20131213,31.75,32.09,30.0,30.33,31.79,-1.4600000000000009,-4.592639194715322,77512.18,241094.4915
002603.SZ,20131220,30.55,30.92,29.58,30.5,30.33,0.1700000000000017,0.5605011539729697,66686.41,201376.7195
002603.SZ,20131227,30.59,32.69,15.75,16.11,30.5,-14.39,-47.18032786885246,126547.83,405202.7695
002603.SZ,20140103,16.12,17.35,15.7,17.14,16.11,1.0300000000000011,6.393544382371205,111970.83,373912.3358
002603.SZ,20140110,17.16,18.04,16.17,16.91,17.14,-0.23000000000000043,-1.3418903150525112,103751.53,357050.81259999995
002603.SZ,20140117,16.79,19.71,16.59,18.9,16.91,1.9899999999999984,11.768184506209334,124628.11,462012.0424
002603.SZ,20140124,17.41,18.23,16.74,18.1,18.9,-0.7999999999999972,-4.232804232804218,307652.38,1069500.1612
002603.SZ,20140130,18.25,19.34,17.4,17.5,18.1,-0.6000000000000014,-3.3149171270718307,186231.0,681520.3951
002603.SZ,20140207,17.34,17.58,17.26,17.56,17.5,0.05999999999999872,0.34285714285713553,22426.96,78680.9472
002603.SZ,20140214,17.75,18.82,16.97,17.49,17.56,-0.07000000000000028,-0.3986332574031908,224903.14,812530.461
002603.SZ,20140221,17.49,18.02,16.07,16.51,17.49,-0.9799999999999969,-5.603201829616906,218021.76,755642.0018
002603.SZ,20140228,16.49,17.67,16.23,16.72,16.51,0.2099999999999973,1.2719563900666098,164487.83,559184.5134
002603.SZ,20140307,16.74,16.95,15.03,15.71,16.72,-1.009999999999998,-6.040669856459319,139321.52,444406.627
002603.SZ,20140314,15.47,16.19,14.97,16.16,15.71,0.4499999999999993,2.8644175684277484,94971.56,297930.826
002603.SZ,20140321,16.11,16.97,15.96,16.72,16.16,0.5599999999999987,3.4653465346534573,113566.25,375344.6646
002603.SZ,20140328,16.61,17.02,15.86,15.87,16.72,-0.8499999999999996,-5.083732057416266,116479.61,386445.9266
002603.SZ,20140404,15.86,18.05,15.42,17.88,15.87,2.01,12.665406427221171,139155.33000000002,475334.2335
002603.SZ,20140411,17.85,18.33,17.32,17.8,17.88,-0.0799999999999983,-0.4474272930648674,107987.35999999999,387634.0667
002603.SZ,20140418,17.81,19.12,17.46,18.53,17.8,0.7300000000000004,4.10112359550562,153129.01,570847.0471
002603.SZ,20140425,18.5,18.58,15.72,16.04,18.53,-2.490000000000002,-13.437668645439837,118426.1,404735.7472
002603.SZ,20140430,16.01,16.2,15.51,15.67,16.04,-0.3699999999999992,-2.3067331670822893,63511.509999999995,202188.4252
002603.SZ,20140509,15.67,16.22,14.6,14.62,15.67,-1.0500000000000007,-6.700701978302494,154758.7,479138.0563
002603.SZ,20140516,14.73,15.12,14.42,14.62,14.62,0.0,0.0,73330.44,218336.7943
002603.SZ,20140523,14.52,15.2,14.41,15.16,14.62,0.5400000000000009,3.6935704514363947,61760.47,183886.8569
002603.SZ,20140530,15.16,15.4,14.63,15.27,15.16,0.10999999999999943,0.7255936675461704,91263.77,276979.5073
002603.SZ,20140606,15.28,15.34,14.65,14.9,15.27,-0.3699999999999992,-2.4230517354289405,50861.62,152569.8901
002603.SZ,20140613,14.96,15.46,14.91,15.19,14.9,0.28999999999999915,1.9463087248322088,71072.94,217705.2811
002603.SZ,20140620,15.21,15.28,14.01,14.07,15.19,-1.1199999999999992,-7.373271889400916,98992.15000000001,291798.3179
002603.SZ,20140627,14.07,14.48,14.0,14.32,14.07,0.25,1.77683013503909,80187.62,229947.0756
002603.SZ,20140704,14.35,15.22,14.32,15.14,14.32,0.8200000000000003,5.7262569832402255,105235.12,311139.1834
002603.SZ,20140711,14.97,15.16,14.19,14.27,15.14,-0.870000000000001,-5.746367239101724,85470.33,251855.95560000002
002603.SZ,20140718,14.27,15.03,14.22,14.5,14.27,0.23000000000000043,1.611772950245273,67994.45,199438.9607
002603.SZ,20140725,14.52,14.99,14.22,14.87,14.5,0.3699999999999992,2.551724137931029,84899.44,248837.89630000002
002603.SZ,20140801,14.89,15.68,14.7,15.26,14.87,0.39000000000000057,2.6227303295225326,190502.6,578352.8295
002603.SZ,20140808,15.4,16.06,15.02,15.23,15.26,-0.02999999999999936,-0.19659239842725662,199671.54,616499.7898
002603.SZ,20140815,15.31,15.94,15.0,15.22,15.23,-0.009999999999999787,-0.06565988181221133,222340.54,686267.3409
002603.SZ,20140822,15.22,15.86,15.22,15.83,15.22,0.6099999999999994,4.00788436268068,170607.88,530127.5017
002603.SZ,20140829,15.87,16.01,15.36,15.57,15.83,-0.2599999999999998,-1.6424510423246985,162218.22,509637.89400000003
002603.SZ,20140905,15.57,15.91,15.37,15.83,15.57,0.2599999999999998,1.6698779704560036,212595.64,668053.0495
002603.SZ,20140912,15.83,16.25,15.72,15.91,15.83,0.08000000000000007,0.5053695514845236,204117.36,655071.5782999999
002603.SZ,20140919,15.86,16.04,15.18,15.67,15.91,-0.2400000000000002,-1.5084852294154631,192009.43,603119.7607
002603.SZ,20140926,15.69,15.92,15.25,15.72,15.67,0.05000000000000071,0.3190810465858373,181976.25,569846.4553
002603.SZ,20140930,15.78,15.92,15.67,15.9,15.72,0.17999999999999972,1.1450381679389294,75220.73,238710.03
002603.SZ,20141010,15.94,17.09,15.92,16.65,15.9,0.7499999999999982,4.71698113207546,257461.12,856498.6478
002603.SZ,20141017,16.66,18.07,16.31,16.59,16.65,-0.05999999999999872,-0.3603603603603527,464158.3,1597858.0686
002603.SZ,20141024,16.99,17.68,15.87,16.14,16.59,-0.4499999999999993,-2.7124773960216957,309274.65,1043420.405
002603.SZ,20141031,16.14,17.21,16.11,17.11,16.14,0.9699999999999989,6.009913258983883,270059.48,904501.4043
002603.SZ,20141107,16.96,17.05,16.02,16.11,17.11,-1.0,-5.844535359438924,216252.03999999998,718132.2101
002603.SZ,20141114,16.19,16.41,15.31,15.53,16.11,-0.5800000000000001,-3.6002482929857234,192856.0,608344.8981999999
002603.SZ,20141121,15.56,16.15,15.47,15.82,15.53,0.2900000000000009,1.8673535093367735,124152.89,393416.526
002603.SZ,20141128,15.92,16.29,15.7,16.0,15.82,0.17999999999999972,1.1378002528444988,213158.33000000002,683673.3097
002603.SZ,20141205,16.05,16.63,15.75,16.02,16.0,0.019999999999999574,0.12499999999999734,327353.22,1064427.2278
002603.SZ,20141212,16.04,16.39,15.46,16.06,16.02,0.03999999999999915,0.249687890137323,252419.24,805117.2896
002603.SZ,20141219,16.06,16.54,15.51,15.98,16.06,-0.0799999999999983,-0.49813200498130944,309579.54,1002628.7248
002603.SZ,20141226,15.86,15.94,14.12,14.3,15.98,-1.6799999999999997,-10.513141426783477,360526.62,1046211.4621
002603.SZ,20141231,14.3,14.64,14.09,14.55,14.3,0.25,1.7482517482517481,213161.16,614095.6755
002603.SZ,20150109,14.49,15.42,14.34,14.92,14.55,0.3699999999999992,2.5429553264604756,288061.81,862885.7769
002603.SZ,20150116,14.86,15.07,14.47,14.92,14.92,0.0,0.0,178566.66,529852.3906
002603.SZ,20150123,14.93,15.67,14.87,15.51,14.92,0.5899999999999999,3.954423592493297,387758.8,1196903.0584
002603.SZ,20150130,15.5,15.79,15.22,15.28,15.51,-0.23000000000000043,-1.4829142488716984,189756.1,593075.999
002603.SZ,20150206,15.12,15.61,14.73,14.87,15.28,-0.41000000000000014,-2.6832460732984305,140212.99,430864.6878
002603.SZ,20150213,14.94,16.16,14.92,16.02,14.87,1.1500000000000004,7.733691997310023,296615.18,941449.1065
002603.SZ,20150217,16.06,16.53,15.97,16.28,16.02,0.26000000000000156,1.6229712858926442,113026.48000000001,369547.26359999995
002603.SZ,20150227,16.36,17.0,16.27,16.6,16.28,0.3200000000000003,1.9656019656019672,189620.62,629881.1091
002603.SZ,20150306,16.61,17.11,16.24,16.79,16.6,0.18999999999999773,1.1445783132529983,373608.28,1250959.2845
002603.SZ,20150313,16.79,17.2,16.34,16.6,16.79,-0.18999999999999773,-1.1316259678379852,255005.39,859498.7193
002603.SZ,20150320,16.77,17.83,16.73,17.61,16.6,1.009999999999998,6.084337349397577,368008.06999999995,1282319.2518
002603.SZ,20150327,17.66,19.06,17.29,18.87,17.61,1.2600000000000016,7.155025553662702,418239.97,1521766.1408000002
002603.SZ,20150403,18.91,20.35,18.73,20.18,18.87,1.3099999999999987,6.942236354001052,384173.07,1500920.2046
002603.SZ,20150410,20.18,20.73,18.96,20.7,20.18,0.5199999999999996,2.5768087215064397,358683.47,1441898.8149
002603.SZ,20150417,22.77,24.93,21.25,21.92,20.7,1.2200000000000024,5.893719806763297,609567.79,2812960.0663
002603.SZ,20150424,21.7,22.38,20.75,21.65,21.92,-0.2700000000000031,-1.2317518248175323,396064.67,1726213.207
002603.SZ,20150430,21.82,22.64,20.95,22.16,21.65,0.5100000000000016,2.355658198614326,284993.37,1251404.5131
002603.SZ,20150508,22.07,23.48,21.16,23.3,22.16,1.1400000000000006,5.144404332129966,383339.35,1725870.2486
002603.SZ,20150515,23.8,27.13,23.0,25.85,23.3,2.5500000000000007,10.944206008583695,516657.73,2582272.087
002603.SZ,20150522,25.78,29.39,25.48,28.05,25.85,2.1999999999999993,8.510638297872337,988868.2,3109203.5394
002603.SZ,20150529,27.8,30.79,24.68,27.0,28.05,-1.0500000000000007,-3.743315508021393,1790457.85,5160109.8741
002603.SZ,20150605,28.6,29.39,26.0,28.21,27.0,1.2100000000000009,4.4814814814814845,1578217.1099999999,4471523.1643
002603.SZ,20150612,28.65,31.47,27.6,30.23,28.21,2.0199999999999996,7.16058135412974,2012201.6400000001,5906465.6471
002603.SZ,20150619,30.4,30.5,24.08,24.28,30.23,-5.949999999999999,-19.68243466754879,1340390.73,3775352.692
002603.SZ,20150626,24.2,25.18,21.14,21.14,24.28,-3.1400000000000006,-12.932454695222406,677355.0,1600703.9989
002603.SZ,20150703,21.77,21.89,15.81,16.16,21.14,-4.98,-23.557237464522235,1215343.51,2275246.8191
002603.SZ,20150707,17.78,17.78,14.76,14.76,16.16,-1.4000000000000004,-8.663366336633665,592535.44,939791.1228
002603.SZ,20150717,16.24,19.99,16.1,19.78,14.76,5.020000000000001,34.01084010840109,1107896.08,2055390.5820999998
002603.SZ,20150724,19.7,21.45,19.07,20.24,19.78,0.4599999999999973,2.325581395348823,1535487.13,3096525.7768
002603.SZ,20150731,19.51,20.19,16.5,17.25,20.24,-2.9899999999999984,-14.772727272727264,1174026.98,2118560.1504
002603.SZ,20150807,17.03,18.56,16.26,18.55,17.25,1.3000000000000007,7.536231884057976,781377.3999999999,1393469.1668000002
002603.SZ,20150814,18.77,20.18,18.58,20.08,18.55,1.5299999999999976,8.247978436657668,1011941.61,1954790.1604999998
002603.SZ,20150821,19.6,19.99,16.11,16.16,20.08,-3.919999999999998,-19.521912350597603,995043.8200000001,1799744.8626
002603.SZ,20150828,15.21,15.6,13.09,15.6,16.16,-0.5600000000000005,-3.4653465346534684,1253751.76,1786862.3585
002603.SZ,20150902,15.2,15.35,12.88,13.35,15.6,-2.25,-14.423076923076925,471738.4,665310.8082
002603.SZ,20150911,13.6,15.45,13.6,14.92,13.35,1.5700000000000003,11.760299625468166,700757.51,1027398.2661
002603.SZ,20150918,14.93,15.03,13.03,14.03,14.92,-0.8900000000000006,-5.965147453083114,665298.98,928107.925
002603.SZ,20150925,13.88,15.08,13.78,13.97,14.03,-0.05999999999999872,-0.427655024946534,554025.61,802411.6737
002603.SZ,20150930,13.97,14.31,13.84,14.0,13.97,0.02999999999999936,0.21474588403721803,167646.82,235138.5337
002603.SZ,20151009,14.95,15.26,14.7,15.03,14.0,1.0299999999999994,7.357142857142852,344802.69999999995,516317.9304
002603.SZ,20151016,15.02,16.62,15.02,16.36,15.03,1.33,8.84896872920825,878842.0800000001,1390032.8706999999
002603.SZ,20151023,16.4,17.99,14.84,17.87,16.36,1.5100000000000016,9.229828850855755,1203633.22,1986965.369
002603.SZ,20151030,17.92,18.0,16.54,16.98,17.87,-0.8900000000000006,-4.980414101846673,843994.24,1454202.7603
002603.SZ,20151106,16.52,17.96,16.35,17.88,16.98,0.8999999999999986,5.300353356890451,718948.02,1245647.2104
002603.SZ,20151113,17.68,19.51,17.67,18.63,17.88,0.75,4.194630872483222,1339390.43,2488622.4866
002603.SZ,20151116,18.12,19.0,18.01,18.92,18.63,0.2900000000000027,1.5566290928609914,218719.58,408418.0644
002603.SZ,20151204,19.31,19.5,17.03,17.95,18.92,-0.9700000000000024,-5.126849894291767,780129.49,1430719.7764
002603.SZ,20151211,17.94,18.35,17.5,17.76,17.95,-0.18999999999999773,-1.0584958217270068,440202.4,787336.8329
002603.SZ,20151218,17.72,18.61,17.54,18.25,17.76,0.48999999999999844,2.759009009009,643529.6900000001,1172349.6234
002603.SZ,20151225,18.3,19.38,18.25,18.74,18.25,0.48999999999999844,2.6849315068493063,745750.27,1405748.1652000002
002603.SZ,20151231,18.58,18.63,17.38,17.9,18.74,-0.8399999999999999,-4.482390608324439,436493.14,794392.3606
002603.SZ,20160108,17.77,17.86,14.09,14.94,17.9,-2.959999999999999,-16.53631284916201,515602.61,817465.6289
002603.SZ,20160115,14.71,15.0,12.52,12.99,14.94,-1.9499999999999993,-13.05220883534136,689497.26,938189.7294000001
002603.SZ,20160122,12.83,13.87,12.72,13.23,12.99,0.2400000000000002,1.8475750577367223,452254.99,615464.7072000001
002603.SZ,20160129,13.41,13.52,12.0,13.1,13.23,-0.13000000000000078,-0.9826152683295598,566094.02,735403.7958
002603.SZ,20160205,13.01,13.52,12.75,13.11,13.1,0.009999999999999787,0.0763358778625938,358162.58,478934.3887
002603.SZ,20160219,12.77,13.98,12.65,13.62,13.11,0.5099999999999998,3.89016018306636,415640.24,571681.5971
002603.SZ,20160226,13.77,13.99,12.22,12.55,13.62,-1.0699999999999985,-7.856093979441986,510652.5,691620.5712
002603.SZ,20160304,12.57,12.95,11.78,12.69,12.55,0.1399999999999988,1.115537848605568,506982.01,641313.9922
002603.SZ,20160311,12.77,12.89,11.65,12.15,12.69,-0.5399999999999991,-4.255319148936164,417997.23,528337.5992
002603.SZ,20160318,12.33,13.18,12.14,13.15,12.15,1.0,8.23045267489712,448100.16000000003,576196.6225
002603.SZ,20160325,13.27,13.51,12.97,13.14,13.15,-0.009999999999999787,-0.07604562737642423,480608.37,645624.3494
002603.SZ,20160401,13.28,14.38,13.01,14.06,13.14,0.9199999999999999,7.00152207001522,713457.09,989285.7812999999
002603.SZ,20160408,14.07,14.72,13.7,13.95,14.06,-0.11000000000000121,-0.7823613086771067,489833.33,707262.9314
002603.SZ,20160415,13.82,15.07,13.82,14.78,13.95,0.8300000000000001,5.949820788530467,611097.69,904817.007
002603.SZ,20160422,14.67,14.67,13.36,13.9,14.78,-0.879999999999999,-5.953991880920156,352712.27,499715.52509999997
002603.SZ,20160429,13.85,15.31,13.71,15.18,13.9,1.2799999999999994,9.208633093525174,602606.91,899245.2271
002603.SZ,20160506,15.07,15.51,14.61,14.65,15.18,-0.5299999999999994,-3.491436100131748,489310.21,746659.5522
002603.SZ,20160513,14.32,14.85,13.83,14.51,14.65,-0.14000000000000057,-0.95563139931741,456270.81,662260.6224999999
002603.SZ,20160520,14.47,15.2,14.13,14.67,14.51,0.16000000000000014,1.1026878015161967,491384.58,734432.9384999999
002603.SZ,20160527,14.71,14.99,14.07,14.69,14.67,0.019999999999999574,0.13633265167007208,335244.7,494791.2659
002603.SZ,20160603,14.73,15.6,14.52,15.54,14.69,0.8499999999999996,5.786249149081005,495000.02,762191.5430000001
002603.SZ,20160608,15.52,15.64,15.0,15.28,15.54,-0.2599999999999998,-1.6731016731016717,281005.53,433470.27379999997
002603.SZ,20160617,15.1,15.3,14.21,15.06,15.28,-0.21999999999999886,-1.439790575916223,372671.18,557633.9616
002603.SZ,20160624,15.06,15.57,14.81,15.04,15.06,-0.02000000000000135,-0.1328021248340063,410523.89,627667.084
002603.SZ,20160701,14.91,16.04,14.83,15.62,15.04,0.5800000000000001,3.856382978723405,572058.46,903161.3578
002603.SZ,20160708,15.68,17.15,15.61,16.89,15.62,1.2700000000000014,8.130601792573632,646413.09,1065176.6893
002603.SZ,20160715,16.8,18.11,16.6,17.43,16.89,0.5399999999999991,3.197158081705146,792425.4,1386316.4141
002603.SZ,20160722,17.4,17.46,16.75,16.83,17.43,-0.6000000000000014,-3.44234079173839,351906.77,604136.7121
002603.SZ,20160729,16.8,17.24,15.84,16.19,16.83,-0.639999999999997,-3.8027332144979034,485248.19,803103.6585
002603.SZ,20160805,16.18,16.23,15.72,16.07,16.19,-0.120000000000001,-0.7411982705373749,242509.66,388945.6692
002603.SZ,20160812,16.07,16.42,15.78,16.32,16.07,0.25,1.5556938394523958,254949.52000000002,415868.1098
002603.SZ,20160819,16.44,17.14,16.31,16.69,16.32,0.370000000000001,2.267156862745104,332544.62,562369.4397
002603.SZ,20160826,16.58,16.99,16.23,16.68,16.69,-0.010000000000001563,-0.059916117435599534,317823.48,531635.5447
002603.SZ,20160902,16.7,17.04,16.64,16.77,16.68,0.08999999999999986,0.5395683453237402,282359.29,478649.18700000003
002603.SZ,20160909,16.74,16.94,16.36,16.7,16.77,-0.07000000000000028,-0.41741204531902376,275122.53,462389.1561
002603.SZ,20160914,16.5,16.82,15.77,15.81,16.7,-0.8899999999999988,-5.329341317365262,219886.8,358172.245
002603.SZ,20160923,15.83,16.2,15.79,16.03,15.81,0.22000000000000064,1.3915243516761584,179237.04,287905.4217
002603.SZ,20160930,15.95,16.08,15.41,15.72,16.03,-0.3100000000000005,-1.933873986275736,199259.57,314222.6827
002603.SZ,20161014,15.8,16.56,15.78,16.54,15.72,0.8199999999999985,5.216284987277344,259710.58000000002,425669.77619999996
002603.SZ,20161021,16.6,16.97,16.38,16.79,16.54,0.25,1.5114873035066507,299771.75,503803.9854
002603.SZ,20161028,16.67,16.85,16.14,16.2,16.79,-0.5899999999999999,-3.5139964264443115,293620.08,487620.6777
002603.SZ,20161104,16.21,16.49,15.99,16.21,16.2,0.010000000000001563,0.061728395061738044,236828.27,388256.153
002603.SZ,20161111,16.23,17.08,16.13,16.94,16.21,0.7300000000000004,4.503392967304136,422622.75,710121.8870000001
002603.SZ,20161118,16.98,17.84,16.87,17.78,16.94,0.8399999999999999,4.958677685950412,524999.3400000001,917667.571
002603.SZ,20161125,17.6,17.73,17.0,17.26,17.78,-0.5199999999999996,-2.92463442069741,401935.99,701165.7490000001
002603.SZ,20161202,17.28,17.66,17.05,17.48,17.26,0.21999999999999886,1.274623406720735,316080.35,553790.622
002603.SZ,20161209,17.37,18.69,17.23,18.09,17.48,0.6099999999999994,3.489702517162468,742770.73,1359406.54
002603.SZ,20161216,18.1,18.44,16.71,17.13,18.09,-0.9600000000000009,-5.306799336650088,449160.53,785489.529
002603.SZ,20161223,17.1,17.73,16.9,17.39,17.13,0.26000000000000156,1.517805020432,231455.42,403724.128
002603.SZ,20161230,17.39,17.41,16.96,17.14,17.39,-0.25,-1.437607820586544,159427.08,275410.086
002603.SZ,20170106,17.22,18.08,17.2,17.88,17.14,0.7399999999999984,4.317386231038497,220191.82,392045.626
002603.SZ,20170113,17.86,18.02,16.05,16.1,17.88,-1.7799999999999976,-9.9552572706935,318094.11,545822.0
002603.SZ,20170120,16.17,16.44,15.24,16.41,16.1,0.3099999999999987,1.9254658385093086,176024.26,284706.817
002603.SZ,20170126,16.39,16.68,16.27,16.6,16.41,0.19000000000000128,1.1578305911029938,125197.47,207606.311
002603.SZ,20170203,16.6,16.79,16.4,16.59,16.6,-0.010000000000001563,-0.0602409638554311,20637.91,34326.033
002603.SZ,20170210,16.56,17.54,16.39,17.3,16.59,0.7100000000000009,4.279686558167576,217029.59,371515.421
002603.SZ,20170217,17.28,17.72,17.16,17.39,17.3,0.08999999999999986,0.5202312138728316,202896.36,354694.61199999996
002603.SZ,20170224,17.59,17.74,17.09,17.61,17.39,0.21999999999999886,1.265094882116152,283416.21,497983.448
002603.SZ,20170303,17.72,17.85,17.32,17.59,17.61,-0.019999999999999574,-0.11357183418511967,198964.07,352586.147
002603.SZ,20170310,17.6,18.24,17.53,17.77,17.59,0.17999999999999972,1.0233086981239325,257972.82,465325.837
002603.SZ,20170317,17.74,18.11,17.51,17.54,17.77,-0.23000000000000043,-1.2943162633652245,224062.78,402135.642
002603.SZ,20170324,17.5,18.46,17.5,18.27,17.54,0.7300000000000004,4.161915621436719,357239.61,651140.327
002603.SZ,20170331,18.49,18.56,17.39,17.74,18.27,-0.5300000000000011,-2.9009304871373898,272504.13,490279.925
002603.SZ,20170407,18.79,19.46,17.63,17.65,17.74,-0.08999999999999986,-0.5073280721533251,391214.82,715832.492
002603.SZ,20170414,17.65,18.39,17.61,17.84,17.65,0.19000000000000128,1.0764872521246531,527937.45,962265.22
002603.SZ,20170421,17.87,17.87,16.86,17.23,17.84,-0.6099999999999994,-3.419282511210759,303021.94,529677.915
002603.SZ,20170428,17.18,17.18,16.51,17.01,17.23,-0.21999999999999886,-1.2768427161926805,196662.62,333092.944
002603.SZ,20170505,17.01,17.32,16.64,17.0,17.01,-0.010000000000001563,-0.05878894767784575,152977.25,261523.63900000002
002603.SZ,20170512,16.96,16.96,16.2,16.47,17.0,-0.5300000000000011,-3.117647058823536,138908.9,231124.414
002603.SZ,20170519,16.49,16.94,16.35,16.57,16.47,0.10000000000000142,0.6071645415907797,117230.53,196312.248
002603.SZ,20170526,16.65,16.85,15.99,16.45,16.57,-0.120000000000001,-0.724200362100187,155538.13,255815.321
002603.SZ,20170602,16.49,16.65,15.72,16.27,16.45,-0.17999999999999972,-1.0942249240121564,89571.32,146501.568
002603.SZ,20170609,16.32,16.74,16.21,16.55,16.27,0.28000000000000114,1.7209588199139592,137635.75,228538.35
002603.SZ,20170616,16.6,16.96,16.41,16.81,16.55,0.259999999999998,1.5709969788519518,130756.86,218067.496
002603.SZ,20170623,16.79,17.07,16.35,16.73,16.81,-0.0799999999999983,-0.47590719809636106,227306.55000000002,379590.882
002603.SZ,20170630,16.72,17.55,16.72,17.46,16.73,0.7300000000000004,4.363419007770474,293143.38,502950.73
002603.SZ,20170707,17.49,17.8,17.1,17.26,17.46,-0.1999999999999993,-1.145475372279492,230817.39,403684.89400000003
002603.SZ,20170714,17.24,17.35,16.86,17.3,17.26,0.03999999999999915,0.23174971031285715,186523.78,320835.926
002603.SZ,20170721,17.28,17.28,16.17,16.57,17.3,-0.7300000000000004,-4.219653179190754,222035.81,368657.46499999997
002603.SZ,20170728,16.49,16.72,16.32,16.46,16.57,-0.10999999999999943,-0.6638503319251625,151531.44,250133.632
002603.SZ,20170804,16.47,16.55,16.14,16.22,16.46,-0.240000000000002,-1.4580801944107045,166853.73,272871.81
002603.SZ,20170811,16.39,17.03,16.35,16.41,16.22,0.19000000000000128,1.1713933415536455,273606.23,457623.125
002603.SZ,20170818,16.5,16.99,16.43,16.96,16.41,0.5500000000000007,3.351614868982332,187579.06,313763.049
002603.SZ,20170825,16.93,17.1,16.45,16.8,16.96,-0.16000000000000014,-0.9433962264150951,178763.99,299011.502
002603.SZ,20170901,16.8,17.09,16.59,16.93,16.8,0.129999999999999,0.7738095238095178,202594.04,340649.705
002603.SZ,20170908,16.95,17.02,16.51,16.66,16.93,-0.2699999999999996,-1.5948021264028327,145995.82,245218.627
002603.SZ,20170915,16.7,16.74,16.39,16.46,16.66,-0.1999999999999993,-1.2004801920768264,115601.61,190920.56100000002
002603.SZ,20170922,16.46,16.56,16.26,16.33,16.46,-0.13000000000000256,-0.7897934386391408,100014.04,164306.62099999998
002603.SZ,20170929,16.27,16.44,16.08,16.27,16.33,-0.05999999999999872,-0.3674219228413884,88542.13,143859.0
002603.SZ,20171013,16.36,17.28,16.3,16.72,16.27,0.4499999999999993,2.7658266748617044,212190.24,354327.737
002603.SZ,20171020,16.72,17.01,16.54,16.79,16.72,0.07000000000000028,0.41866028708134145,182641.73,306545.247
002603.SZ,20171027,16.77,17.28,16.65,17.25,16.79,0.46000000000000085,2.7397260273972655,264976.02,452499.897
002603.SZ,20171103,17.1,17.1,16.41,16.48,17.25,-0.7699999999999996,-4.463768115942027,163356.06,273650.061
002603.SZ,20171110,16.4,17.81,16.37,17.73,16.48,1.25,7.584951456310679,332948.61,570858.537
002603.SZ,20171117,17.61,18.3,17.54,17.64,17.73,-0.08999999999999986,-0.5076142131979687,438268.69,786857.152
002603.SZ,20171124,17.6,18.35,17.12,17.17,17.64,-0.46999999999999886,-2.664399092970515,366434.66000000003,654167.6630000001
002603.SZ,20171201,17.12,17.36,16.2,16.28,17.17,-0.8900000000000006,-5.183459522422833,210655.33,351968.56799999997
002603.SZ,20171208,16.25,16.4,15.66,15.89,16.28,-0.39000000000000057,-2.3955773955773987,112059.11,178878.892
002603.SZ,20171215,15.92,16.1,15.33,15.46,15.89,-0.4299999999999997,-2.706104468219004,144414.88,226048.375
002603.SZ,20171222,15.54,15.68,15.33,15.66,15.46,0.1999999999999993,1.2936610608020653,86212.14,133753.199
002603.SZ,20171229,15.41,15.64,15.11,15.31,15.66,-0.34999999999999964,-2.234993614303957,102116.83,159573.571
002603.SZ,20180105,15.31,15.55,15.16,15.2,15.31,-0.11000000000000121,-0.7184846505552006,129102.32,201296.523
002603.SZ,20180112,15.21,16.34,15.18,16.14,15.2,0.9400000000000013,6.184210526315798,484896.3,775802.617
002603.SZ,20180119,17.02,17.35,15.5,15.6,16.14,-0.5400000000000009,-3.345724907063203,579170.34,966385.445
002603.SZ,20180126,15.6,15.89,15.5,15.69,15.6,0.08999999999999986,0.576923076923076,240038.82,382639.368
002603.SZ,20180202,15.7,15.73,13.68,14.15,15.69,-1.5399999999999991,-9.815168897386865,201438.13,303636.488
002603.SZ,20180209,13.78,14.41,12.54,12.77,14.15,-1.3800000000000008,-9.75265017667845,225524.05,308176.797
002603.SZ,20180214,12.88,13.33,12.88,13.14,12.77,0.370000000000001,2.8974158183242054,62344.42,83055.212
002603.SZ,20180223,13.27,13.68,13.15,13.47,13.14,0.33000000000000007,2.5114155251141557,62980.21,85943.857
002603.SZ,20180302,13.53,14.25,13.53,14.01,13.47,0.5399999999999991,4.008908685968813,157423.93,221831.169
002603.SZ,20180309,14.06,14.46,13.92,14.27,14.01,0.2599999999999998,1.8558172733761584,171659.36,247793.286
002603.SZ,20180316,14.27,14.91,14.18,14.18,14.27,-0.08999999999999986,-0.6306937631394525,244703.97999999998,362924.876
002603.SZ,20180323,14.16,15.59,14.12,14.94,14.18,0.7599999999999998,5.3596614950634685,300413.19,457050.849
002603.SZ,20180330,14.77,15.64,14.57,15.18,14.94,0.2400000000000002,1.6064257028112465,318977.08,491354.367
002603.SZ,20180404,15.17,15.38,14.85,15.09,15.18,-0.08999999999999986,-0.5928853754940703,125311.84,192859.149
002603.SZ,20180413,14.99,15.24,14.57,14.78,15.09,-0.3100000000000005,-2.0543406229290953,197837.82,298879.825
002603.SZ,20180420,14.75,14.86,13.75,14.2,14.78,-0.5800000000000001,-3.9242219215155623,173747.74,251520.17700000003
002603.SZ,20180427,14.07,15.33,14.02,15.0,14.2,0.8000000000000007,5.633802816901413,247238.43,372512.855
002603.SZ,20180504,15.07,16.16,15.07,15.9,15.0,0.9000000000000004,6.000000000000003,326992.65,517271.019
002603.SZ,20180511,16.02,16.78,15.7,16.02,15.9,0.11999999999999922,0.7547169811320705,485087.27,805466.21
002603.SZ,20180518,16.18,16.99,15.99,16.24,16.02,0.21999999999999886,1.3732833957552988,452302.46,756314.931
002603.SZ,20180525,16.29,17.17,16.24,16.55,16.24,0.3100000000000023,1.908866995073906,411622.01,696950.3859999999
002603.SZ,20180601,16.51,17.27,15.38,16.14,16.55,-0.41000000000000014,-2.4773413897280974,542714.8200000001,903117.539
002603.SZ,20180608,16.12,16.18,15.43,15.63,16.14,-0.5099999999999998,-3.15985130111524,256058.71999999997,411988.46900000004
002603.SZ,20180615,15.52,15.82,14.5,14.58,15.63,-1.0500000000000007,-6.717850287907874,197155.05000000002,306294.86699999997
002603.SZ,20180622,14.37,14.53,13.13,13.96,14.58,-0.6199999999999992,-4.25240054869684,248477.34,348003.147
002603.SZ,20180629,14.1,14.1,13.29,13.76,13.96,-0.20000000000000107,-1.432664756446999,260553.62,361861.43799999997
002603.SZ,20180706,13.8,14.0,12.55,12.95,13.76,-0.8100000000000005,-5.886627906976748,300415.65,407105.45999999996
002603.SZ,20180713,13.02,14.27,12.96,14.2,12.95,1.25,9.652509652509652,241380.08000000002,333394.597
002603.SZ,20180720,14.17,14.33,13.8,14.02,14.2,-0.17999999999999972,-1.267605633802815,183149.4,259442.047
002603.SZ,20180727,13.78,14.24,13.57,13.75,14.02,-0.2699999999999996,-1.9258202567760314,197612.53,276685.499
002603.SZ,20180803,13.73,13.82,12.96,13.04,13.75,-0.7100000000000009,-5.163636363636369,151533.91999999998,205115.17799999999
002603.SZ,20180810,13.04,13.3,12.57,13.19,13.04,0.15000000000000036,1.1503067484662604,164549.74,215858.207
002603.SZ,20180817,13.12,13.13,12.46,12.49,13.19,-0.6999999999999993,-5.307050796057614,149210.63999999998,193110.777
002603.SZ,20180824,12.49,12.78,12.28,12.66,12.49,0.16999999999999993,1.361088871096877,133025.56,168929.12
002603.SZ,20180831,12.64,13.04,12.6,12.61,12.66,-0.05000000000000071,-0.3949447077409219,142199.59,184238.395
002603.SZ,20180907,12.6,12.7,12.28,12.34,12.61,-0.2699999999999996,-2.1411578112609004,150872.77,190984.59
002603.SZ,20180914,12.32,12.37,11.9,11.93,12.34,-0.41000000000000014,-3.3225283630470024,118246.34,144359.551
002603.SZ,20180921,11.89,12.14,11.63,12.12,11.93,0.1899999999999995,1.592623637887674,110739.11,133311.061
002603.SZ,20180928,12.08,12.24,11.92,12.17,12.12,0.05000000000000071,0.4125412541254184,100963.66,123318.956
002603.SZ,20181012,11.94,12.08,10.22,10.54,12.17,-1.6300000000000008,-13.393590797041913,188070.57,212388.721
002603.SZ,20181019,10.6,10.69,9.82,10.19,10.54,-0.34999999999999964,-3.320683111954456,178286.71,182493.05
002603.SZ,20181026,10.27,10.88,9.98,10.42,10.19,0.23000000000000043,2.2571148184494643,172639.32,182289.836
002603.SZ,20181102,10.46,11.19,10.23,11.01,10.42,0.5899999999999999,5.66218809980806,207628.78,225426.43099999998
002603.SZ,20181109,10.99,11.12,10.72,10.73,11.01,-0.27999999999999936,-2.5431425976385045,202293.58,222602.282
002603.SZ,20181116,10.73,11.45,10.7,11.33,10.73,0.5999999999999996,5.591798695246967,295384.66,333631.971
002603.SZ,20181123,11.34,11.34,10.45,10.51,11.33,-0.8200000000000003,-7.237422771403357,347137.65,383471.293
002603.SZ,20181130,10.49,10.55,10.13,10.29,10.51,-0.22000000000000064,-2.0932445290199873,201475.91999999998,210833.387
002603.SZ,20181207,10.56,11.28,10.47,10.62,10.29,0.33000000000000007,3.2069970845481057,418614.28,457471.11
002603.SZ,20181214,10.36,10.99,10.33,10.65,10.62,0.030000000000001137,0.2824858757062254,249212.15000000002,266451.351
002603.SZ,20181221,10.57,10.66,10.16,10.46,10.65,-0.1899999999999995,-1.7840375586854413,164827.78,172977.589
002603.SZ,20181228,10.47,10.82,10.27,10.37,10.46,-0.09000000000000163,-0.8604206500956179,163367.02,173581.688
002603.SZ,20190104,10.42,10.45,10.01,10.3,10.37,-0.06999999999999851,-0.6750241080038429,101779.51,105048.748
002603.SZ,20190111,10.36,10.52,10.3,10.46,10.3,0.16000000000000014,1.5533980582524285,169849.29,178420.484
002603.SZ,20190118,10.51,11.1,10.51,10.92,10.46,0.4599999999999991,4.3977055449330695,393054.51,430650.47
002603.SZ,20190125,11.05,11.15,10.58,10.68,10.92,-0.2400000000000002,-2.1978021978021998,252667.81,274747.577
002603.SZ,20190201,10.75,11.0,10.41,11.0,10.68,0.3200000000000003,2.996254681647943,252715.38,272721.561
002603.SZ,20190215,10.98,11.38,10.86,11.07,11.0,0.07000000000000028,0.636363636363639,432864.01,486653.453
002603.SZ,20190222,11.11,11.54,11.1,11.37,11.07,0.29999999999999893,2.710027100270993,445777.43,507621.79099999997
002603.SZ,20190301,11.42,12.63,11.42,12.34,11.37,0.9700000000000006,8.531222515391388,637895.2,779566.213
002603.SZ,20190308,12.36,12.63,11.95,11.96,12.34,-0.379999999999999,-3.07941653160453,658959.5,823017.5
002603.SZ,20190315,11.97,12.81,11.97,12.25,11.96,0.28999999999999915,2.4247491638795915,522672.79000000004,654787.445
002603.SZ,20190322,12.25,13.72,12.21,13.6,12.25,1.3499999999999996,11.020408163265303,686821.54,899262.926
002603.SZ,20190329,13.38,13.52,12.46,12.91,13.6,-0.6899999999999995,-5.073529411764702,559264.1699999999,732486.103
002603.SZ,20190404,13.27,13.6,12.88,13.4,12.91,0.4900000000000002,3.7955073586367174,419672.8,565920.381
002603.SZ,20190412,13.51,14.25,13.19,13.36,13.4,-0.040000000000000924,-0.2985074626865741,598998.31,827206.728
002603.SZ,20190419,13.55,13.69,13.07,13.26,13.36,-0.09999999999999964,-0.7485029940119734,319213.05,429462.031
002603.SZ,20190426,13.27,13.47,12.04,12.15,13.26,-1.1099999999999994,-8.371040723981896,386095.94999999995,497545.545
002603.SZ,20190430,12.15,12.55,12.09,12.39,12.15,0.2400000000000002,1.9753086419753103,114397.43,141795.43099999998
002603.SZ,20190510,12.09,12.12,11.46,12.02,12.39,-0.370000000000001,-2.986279257465706,256625.02000000002,306281.419
002603.SZ,20190517,11.89,12.33,11.72,11.91,12.02,-0.10999999999999943,-0.9151414309484147,195182.84,236623.8
002603.SZ,20190524,11.91,12.14,11.59,11.7,11.91,-0.21000000000000085,-1.7632241813602085,163788.13,195995.084
002603.SZ,20190531,11.71,11.92,11.4,11.54,11.7,-0.16000000000000014,-1.3675213675213687,173522.93,204069.655
002603.SZ,20190606,11.53,11.62,10.59,10.61,11.54,-0.9299999999999997,-8.058925476603118,188469.69,211370.12699999998
002603.SZ,20190614,10.61,11.68,10.33,11.5,10.61,0.8900000000000006,8.388312912346848,258723.44,292093.88800000004
002603.SZ,20190621,11.5,11.93,11.35,11.85,11.5,0.34999999999999964,3.0434782608695623,233427.27000000002,273879.299
002603.SZ,20190628,11.82,11.87,11.33,11.48,11.85,-0.3699999999999992,-3.1223628691983056,165957.38999999998,193639.154
002603.SZ,20190705,11.64,12.59,11.59,12.48,11.48,1.0,8.710801393728222,387153.68,470040.636
002603.SZ,20190712,12.59,12.59,11.5,11.69,12.48,-0.7900000000000009,-6.3301282051282115,284864.4,335645.075
002603.SZ,20190719,11.69,11.78,11.11,11.33,11.69,-0.35999999999999943,-3.079555175363554,206775.21000000002,235843.78100000002
002603.SZ,20190726,11.31,11.31,10.8,10.98,11.33,-0.34999999999999964,-3.089143865842892,253897.90000000002,279362.92100000003
002603.SZ,20190802,10.99,11.07,10.47,10.67,10.98,-0.3100000000000005,-2.82331511839709,203489.23,219209.046
002603.SZ,20190809,10.67,10.71,10.01,10.09,10.67,-0.5800000000000001,-5.435801312089972,226273.65,231555.011
002603.SZ,20190816,10.07,10.59,10.04,10.49,10.09,0.40000000000000036,3.964321110009914,184539.05,190350.837
002603.SZ,20190823,10.53,11.05,10.5,10.82,10.49,0.33000000000000007,3.1458531935176364,298338.02,321653.52400000003
002603.SZ,20190830,10.63,11.2,10.6,10.68,10.82,-0.14000000000000057,-1.2939001848428888,320572.5,351418.726
002603.SZ,20190906,10.67,11.32,10.65,11.18,10.68,0.5,4.681647940074907,322583.17,359140.255
002603.SZ,20190912,11.3,11.59,11.16,11.47,11.18,0.2900000000000009,2.5939177101967883,230407.4,261226.655
002603.SZ,20190920,11.47,11.93,11.36,11.58,11.47,0.10999999999999943,0.959023539668696,382113.24,441684.446
002603.SZ,20190927,11.53,11.78,10.7,10.83,11.58,-0.75,-6.476683937823833,383166.38,432041.333
002603.SZ,20190930,10.84,10.91,10.75,10.79,10.83,-0.040000000000000924,-0.3693444136657518,28359.01,30713.259
002603.SZ,20191011,10.83,11.15,10.67,11.1,10.79,0.3100000000000005,2.873030583873962,114700.22,125522.554
002603.SZ,20191018,11.18,11.4,11.06,11.13,11.1,0.030000000000001137,0.2702702702702805,165549.84,185473.09399999998
002603.SZ,20191025,11.14,11.3,10.96,11.27,11.13,0.1399999999999988,1.2578616352201148,164468.77,183441.258
002603.SZ,20191101,11.36,11.96,11.0,11.08,11.27,-0.1899999999999995,-1.685891748003545,491217.98,563678.3200000001
002603.SZ,20191108,11.15,11.82,11.13,11.45,11.08,0.3699999999999992,3.339350180505408,404134.89,466813.323
002603.SZ,20191115,11.35,11.72,11.09,11.52,11.45,0.07000000000000028,0.6113537117903955,289849.63,330074.426
002603.SZ,20191122,11.63,12.29,11.55,11.6,11.52,0.08000000000000007,0.6944444444444451,563960.11,670902.2490000001
002603.SZ,20191129,11.64,11.7,11.14,11.29,11.6,-0.3100000000000005,-2.6724137931034524,370982.46,422279.586
002603.SZ,20191206,11.27,11.35,10.84,11.08,11.29,-0.20999999999999908,-1.8600531443755457,200148.59,220987.324
002603.SZ,20191213,11.15,11.17,10.85,11.04,11.08,-0.040000000000000924,-0.3610108303249181,198433.72999999998,218094.654
002603.SZ,20191220,11.05,11.5,11.0,11.4,11.04,0.3600000000000012,3.2608695652174022,291244.72000000003,328469.225
002603.SZ,20191227,11.39,11.46,7.69,7.73,11.4,-3.67,-32.19298245614035,222394.56,251751.056
002603.SZ,20200103,7.72,8.51,7.62,8.2,7.73,0.46999999999999886,6.080206985769713,932998.9299999999,1124571.617
002603.SZ,20200110,8.19,8.65,8.07,8.46,8.2,0.26000000000000156,3.170731707317093,763641.1599999999,928308.029
002603.SZ,20200117,8.61,8.96,8.49,8.83,8.46,0.3699999999999992,4.373522458628832,668751.79,851044.4010000001
002603.SZ,20200123,9.71,11.36,9.45,11.11,8.83,2.2799999999999994,25.821064552661376,2237685.4,3451095.452
002603.SZ,20200207,12.22,14.02,11.0,12.52,11.11,1.4100000000000001,12.691269126912694,4043248.3200000003,7557147.225
002603.SZ,20200214,12.16,12.16,10.99,11.23,12.52,-1.2899999999999991,-10.303514376996798,2255165.34,3780529.217
002603.SZ,20200221,11.36,12.05,10.5,11.01,11.23,-0.22000000000000064,-1.9590382902938612,1941683.26,3220589.482
002603.SZ,20200228,11.16,11.94,10.95,11.05,11.01,0.040000000000000924,0.3633060853769385,1634371.46,2713504.005
002603.SZ,20200306,11.1,11.31,10.62,10.91,11.05,-0.14000000000000057,-1.2669683257918603,1213696.42,1940333.171
002603.SZ,20200313,10.75,11.12,9.85,10.16,10.91,-0.75,-6.8744271310724105,1049349.99,1603111.113
002603.SZ,20200320,11.18,12.85,11.18,11.77,10.16,1.6099999999999994,15.84645669291338,3053697.76,5324725.5649999995
002603.SZ,20200327,12.01,16.13,11.79,15.55,11.77,3.780000000000001,32.11554800339848,5786180.24,12288122.135
002603.SZ,20200403,15.95,16.59,13.54,14.87,15.55,-0.6800000000000015,-4.372990353697759,4279305.03,9245330.239
002603.SZ,20200410,14.72,17.98,14.31,17.71,14.87,2.8400000000000016,19.09885675857432,4131686.79,9975401.988
002603.SZ,20200417,18.06,28.54,17.81,24.18,17.71,6.469999999999999,36.53303218520609,5420026.68,18094293.722
002603.SZ,20200424,23.39,25.19,21.98,22.13,24.18,-2.0500000000000007,-8.478081058726223,5848099.54,20023930.998999998
002603.SZ,20200430,22.21,22.42,18.97,19.7,22.13,-2.4299999999999997,-10.980569362855851,2764183.11,8160640.251999999
002603.SZ,20200508,20.5,23.82,20.33,22.21,19.7,2.5100000000000016,12.741116751269043,2811443.13,9141872.369
002603.SZ,20200515,21.87,24.61,20.69,22.1,22.21,-0.10999999999999943,-0.49527239981989835,3556579.38,11802681.197
002603.SZ,20200522,22.1,22.1,19.4,19.47,22.1,-2.6300000000000026,-11.900452488687794,2343899.4899999998,7092193.0649999995
002603.SZ,20200529,19.17,20.16,18.19,18.71,19.47,-0.759999999999998,-3.9034411915767753,1740465.8399999999,4888026.243000001
002603.SZ,20200605,18.72,20.67,18.35,18.68,18.71,-0.030000000000001137,-0.1603420630678842,2133636.45,5995346.342999999
002603.SZ,20200612,18.75,19.86,18.5,19.62,18.68,0.9400000000000013,5.032119914346902,1615586.18,4501536.127
002603.SZ,20200619,20.86,25.75,20.86,21.88,19.62,2.259999999999998,11.518858307849122,4936352.07,16241511.826
002603.SZ,20200624,21.9,22.4,21.03,21.08,21.88,-0.8000000000000007,-3.6563071297989067,1557781.1,4914834.006
002603.SZ,20200703,21.3,21.83,20.75,21.44,21.08,0.360000000000003,1.7077798861480218,1798867.96,5573518.284
002603.SZ,20200710,21.45,25.03,21.1,24.74,21.44,3.299999999999997,15.391791044776104,3784607.38,12574643.314
002603.SZ,20200717,24.87,25.03,20.53,20.99,24.74,-3.75,-15.157639450282945,3219529.65,10843748.258
002603.SZ,20200724,21.1,21.86,19.93,20.05,20.99,-0.9399999999999977,-4.478323010957588,1615705.2,4956360.127
002603.SZ,20200731,20.3,22.28,20.3,21.95,20.05,1.8999999999999986,9.476309226932662,1912167.47,5945852.205
002603.SZ,20200807,22.1,22.37,20.28,20.66,21.95,-1.2899999999999991,-5.876993166287012,1591906.1300000001,4943296.103
002603.SZ,20200814,20.55,21.28,19.7,20.13,20.66,-0.5300000000000011,-2.5653436592449235,902899.61,2671061.375
002603.SZ,20200821,20.39,20.89,19.68,19.83,20.13,-0.3000000000000007,-1.4903129657228054,737957.9299999999,2170877.105
002603.SZ,20200828,19.83,20.08,18.98,19.91,19.83,0.08000000000000185,0.4034291477559347,722540.35,2051284.2259999998
002603.SZ,20200904,20.03,20.59,19.5,19.93,19.91,0.019999999999999574,0.10045203415368947,787552.9,2281003.59
002603.SZ,20200911,19.93,20.1,17.57,18.01,19.93,-1.9199999999999982,-9.63371801304565,736206.6799999999,1977919.368
002603.SZ,20200918,18.15,18.28,17.02,17.98,18.01,-0.030000000000001137,-0.1665741254858475,544125.36,1404176.082
002603.SZ,20200925,18.13,19.86,17.93,18.61,17.98,0.629999999999999,3.503893214682975,1155650.73,3205455.319
002603.SZ,20200930,18.61,18.96,17.85,18.59,18.61,-0.019999999999999574,-0.10746910263299073,413716.72,1107175.28
002603.SZ,20201009,18.88,19.18,18.8,19.01,18.59,0.4200000000000017,2.259279182356115,123382.1,340055.532
002603.SZ,20201016,19.2,20.06,18.97,19.87,19.01,0.8599999999999994,4.523934771173063,958186.73,2700149.3959999997
002603.SZ,20201023,19.89,19.9,18.64,18.82,19.87,-1.0500000000000007,-5.284348263714145,949578.3200000001,2654307.5640000002
002603.SZ,20201030,19.01,19.44,18.27,18.37,18.82,-0.4499999999999993,-2.3910733262486676,615823.14,1680248.8169999998
002603.SZ,20201106,18.28,18.71,17.72,18.1,18.37,-0.2699999999999996,-1.469787697332605,516436.74,1352984.5520000001
002603.SZ,20201113,18.08,18.79,17.65,17.77,18.1,-0.33000000000000185,-1.823204419889513,536763.37,1416756.902
002603.SZ,20201120,17.82,17.88,17.37,17.66,17.77,-0.10999999999999943,-0.6190208216094509,327927.26,838476.813
002603.SZ,20201127,17.79,18.26,17.32,17.43,17.66,-0.23000000000000043,-1.3023782559456423,394138.43,1014824.393
002603.SZ,20201204,17.42,17.83,17.2,17.69,17.43,0.26000000000000156,1.491681009753308,383747.43,977000.658
002603.SZ,20201211,17.75,17.79,16.28,16.39,17.69,-1.3000000000000007,-7.348784624081405,411510.29000000004,1021764.714
002603.SZ,20201218,16.43,17.18,16.22,16.83,16.39,0.4399999999999977,2.6845637583892477,421735.53,1029020.5279999999
002603.SZ,20201225,16.82,18.61,16.75,17.31,16.83,0.4800000000000004,2.8520499108734434,921223.4,2372831.551
002603.SZ,20201231,17.38,18.27,17.19,17.58,17.31,0.2699999999999996,1.5597920277296335,536355.82,1374567.149
002603.SZ,20210108,17.99,21.36,17.66,20.89,17.58,3.3100000000000023,18.828213879408434,2195992.9699999997,6268183.503
002603.SZ,20210115,20.92,21.34,19.23,19.81,20.89,-1.0800000000000018,-5.169937769267601,1659083.05,4819528.706
002603.SZ,20210122,19.81,19.86,18.53,19.08,19.81,-0.7300000000000004,-3.6850075719333693,959629.74,2659654.681
002603.SZ,20210129,19.23,19.43,16.48,16.86,19.08,-2.219999999999999,-11.635220125786159,815897.16,2102111.498
002603.SZ,20210205,16.86,17.12,15.41,15.48,16.86,-1.379999999999999,-8.185053380782913,580066.12,1375796.637
002603.SZ,20210210,15.48,16.64,15.29,16.49,15.48,1.009999999999998,6.524547803617558,375490.44999999995,875350.287
002603.SZ,20210219,16.49,16.61,16.08,16.46,16.49,-0.029999999999997584,-0.18192844147967002,234851.05,556527.396
002603.SZ,20210226,16.46,16.84,15.76,16.18,16.46,-0.28000000000000114,-1.7010935601458148,565976.52,1330321.994
002603.SZ,20210305,16.24,16.4,15.58,15.87,16.18,-0.3100000000000005,-1.9159456118665048,349110.92,810249.394
002603.SZ,20210312,15.99,16.15,14.37,14.58,15.87,-1.2899999999999991,-8.128544423440449,433026.86,942487.883
002603.SZ,20210319,14.62,16.81,14.53,16.81,14.58,2.2299999999999986,15.294924554183803,764618.49,1773715.935
002603.SZ,20210326,16.55,17.06,16.13,16.96,16.81,0.15000000000000213,0.8923259964307089,1060953.07,2574760.7539999997
002603.SZ,20210402,17.02,17.65,16.75,16.95,16.96,-0.010000000000001563,-0.05896226415095261,604169.73,1498391.534
002603.SZ,20210409,16.92,17.92,16.82,17.3,16.95,0.3500000000000014,2.06489675516225,478439.54,1199723.201
002603.SZ,20210416,17.52,18.25,17.3,17.79,17.3,0.48999999999999844,2.832369942196523,745140.36,1922960.029
002603.SZ,20210423,17.75,18.68,17.44,18.37,17.79,0.5800000000000018,3.2602585722316015,649707.58,1709854.587
002603.SZ,20210430,18.75,19.44,18.42,19.34,18.37,0.9699999999999989,5.280348394120843,871278.78,2396949.369
002603.SZ,20210507,19.54,19.55,18.26,18.28,19.34,-1.0599999999999987,-5.480868665977242,329617.93,899933.22
002603.SZ,20210514,18.3,20.4,18.03,19.8,18.28,1.5199999999999996,8.315098468271332,1130193.43,3188739.815
002603.SZ,20210521,19.92,20.68,19.13,19.19,19.8,-0.6099999999999994,-3.0808080808080778,777520.64,2234944.131
002603.SZ,20210528,18.97,20.5,18.48,19.86,19.19,0.6699999999999982,3.4914017717561134,931668.52,2666714.255
002603.SZ,20210604,20.03,20.61,19.79,20.04,19.86,0.17999999999999972,0.9063444108761315,740086.37,2165714.8200000003
002603.SZ,20210611,20.01,20.78,19.77,19.89,20.04,-0.14999999999999858,-0.7485029940119691,738730.94,2168834.192
002603.SZ,20210618,19.78,19.78,18.78,19.28,19.89,-0.6099999999999994,-3.066867772750123,359440.39,1000690.208
002603.SZ,20210625,19.3,19.9,19.25,19.57,19.28,0.28999999999999915,1.5041493775933565,340901.69,965880.208
002603.SZ,20210702,19.58,22.12,19.46,21.03,19.57,1.4600000000000009,7.460398569238635,1131615.49,3475229.515
002603.SZ,20210709,21.01,21.19,18.23,18.51,21.03,-2.5199999999999996,-11.982881597717544,1137331.1,2671123.878
002603.SZ,20210716,18.55,19.27,18.36,18.84,18.51,0.3299999999999983,1.7828200972447232,742354.79,1392920.387
002603.SZ,20210723,18.8,19.4,17.71,17.8,18.84,-1.0399999999999991,-5.520169851380038,887527.29,1656559.537
002603.SZ,20210730,17.81,19.1,16.6,18.8,17.8,1.0,5.617977528089887,1346237.69,2402509.367
002603.SZ,20210806,19.15,21.5,18.85,19.58,18.8,0.7799999999999976,4.148936170212753,2477809.84,4993737.882
002603.SZ,20210813,19.45,19.75,18.36,18.59,19.58,-0.9899999999999984,-5.056179775280891,1136619.19,2168849.745
002603.SZ,20210820,18.44,18.85,17.31,17.68,18.59,-0.9100000000000001,-4.895104895104896,684419.27,1238534.334
002603.SZ,20210827,17.58,18.5,17.11,17.18,17.68,-0.5,-2.828054298642534,955454.27,1695656.192
002603.SZ,20210903,17.18,17.55,16.88,17.19,17.18,0.010000000000001563,0.058207217695003276,693063.9400000001,1191631.041
002603.SZ,20210910,17.3,17.73,17.21,17.3,17.19,0.10999999999999943,0.6399069226294324,659641.73,1154723.155
002603.SZ,20210917,17.55,17.9,16.83,17.1,17.3,-0.1999999999999993,-1.1560693641618456,690595.69,1198328.615
002603.SZ,20210924,16.95,17.39,16.89,17.09,17.1,-0.010000000000001563,-0.05847953216375183,259506.2,445266.262
002603.SZ,20210930,16.96,17.2,16.52,16.63,17.09,-0.46000000000000085,-2.6916325336454117,339110.18,569436.7069999999
002603.SZ,20211008,16.63,16.92,16.6,16.87,16.63,0.240000000000002,1.4431749849669393,82202.12,138072.601
002603.SZ,20211015,17.02,17.04,16.53,16.57,16.87,-0.3000000000000007,-1.7783046828690023,350369.72,585967.8049999999
002603.SZ,20211022,16.57,16.57,16.07,16.23,16.57,-0.33999999999999986,-2.051901025950512,356584.27,579622.549
002603.SZ,20211029,16.28,16.45,15.38,16.05,16.23,-0.17999999999999972,-1.1090573012938985,423835.83999999997,677734.277
002603.SZ,20211105,16.15,16.48,15.58,16.25,16.05,0.1999999999999993,1.2461059190031107,536481.7000000001,863871.9820000001
002603.SZ,20211112,16.1,16.35,15.83,16.23,16.25,-0.019999999999999574,-0.12307692307692046,384716.61,620019.692
002603.SZ,20211119,16.21,16.66,16.03,16.19,16.23,-0.03999999999999915,-0.24645717806530587,485601.11,794752.307
002603.SZ,20211126,16.19,16.51,15.92,16.31,16.19,0.11999999999999744,0.7411982705373529,455732.33,739420.8090000001
002603.SZ,20211203,16.97,17.46,16.52,16.61,16.31,0.3000000000000007,1.839362354383818,943090.7,1591885.345
002603.SZ,20211210,16.66,16.74,16.3,16.5,16.61,-0.10999999999999943,-0.6622516556291357,506442.94999999995,835934.73
002603.SZ,20211217,16.6,16.86,16.43,16.69,16.5,0.19000000000000128,1.1515151515151594,578341.16,962298.26
002603.SZ,20211224,16.69,18.58,16.62,18.29,16.69,1.5999999999999979,9.586578789694414,2006864.1400000001,3590187.6670000004
002603.SZ,20211231,18.21,19.23,17.44,18.99,18.29,0.6999999999999993,3.8272279934390343,2673592.13,5040801.821
002603.SZ,20220107,19.86,21.97,18.56,21.36,18.99,2.370000000000001,12.48025276461296,3466669.7,7280224.003
002603.SZ,20220114,22.0,24.99,21.6,24.58,21.36,3.219999999999999,15.074906367041194,5497044.45,13212003.661
002603.SZ,20220121,25.19,27.05,21.8,21.93,24.58,-2.6499999999999986,-10.781122864117163,4578632.97,11740600.805
002603.SZ,20220128,21.39,22.04,19.54,20.17,21.93,-1.759999999999998,-8.025535795713626,2517403.84,5351012.352
002603.SZ,20220211,20.44,23.73,19.61,21.54,20.17,1.3699999999999974,6.792265741199788,2401692.9,5408767.214
002603.SZ,20220218,20.79,24.31,20.56,24.21,21.54,2.6700000000000017,12.395543175487473,2658617.15,6337443.141
002603.SZ,20220225,23.73,25.27,23.14,23.21,24.21,-1.0,-4.13052457662123,3160803.88,7840689.63
002603.SZ,20220304,23.24,26.64,22.48,25.47,23.21,2.259999999999998,9.73718224903058,3019280.45,7577554.11
002603.SZ,20220311,25.91,26.22,21.06,26.0,25.47,0.5300000000000011,2.080879466038481,3422169.73,8475492.842
002603.SZ,20220318,28.09,30.74,26.02,29.63,26.0,3.629999999999999,13.961538461538458,6575679.67,19246427.27
002603.SZ,20220325,29.9,30.6,27.03,27.3,29.63,-2.3299999999999983,-7.86365170435369,3694762.54,10899846.424
002603.SZ,20220401,27.66,32.7,27.32,30.55,27.3,3.25,11.904761904761903,4920961.26,15391826.42
002603.SZ,20220408,32.92,38.59,32.53,37.87,30.55,7.319999999999997,23.960720130932884,4729729.4,17228656.38
002603.SZ,20220415,36.62,41.77,34.86,34.86,37.87,-3.009999999999998,-7.94824399260628,7381002.0200000005,28868039.103
002603.SZ,20220422,31.38,32.84,26.33,26.47,34.86,-8.39,-24.06769936890419,5910092.48,17759125.239
002603.SZ,20220429,26.42,27.89,22.86,24.12,26.47,-2.349999999999998,-8.877975066112572,5044326.89,13024937.034
002603.SZ,20220506,24.16,27.03,23.78,25.67,24.12,1.5500000000000007,6.426202321724713,2121379.76,5543107.681
002603.SZ,20220513,25.35,28.09,23.98,25.23,25.67,-0.4400000000000013,-1.7140631086871885,4343826.15,11541058.634
002603.SZ,20220520,25.19,25.51,21.73,22.41,25.23,-2.8200000000000003,-11.17717003567182,3167968.0300000003,7556879.743
002603.SZ,20220527,22.42,23.04,20.92,21.56,22.41,-0.8500000000000014,-3.7929495760821124,2688441.5500000003,6056018.835
002603.SZ,20220602,21.49,21.74,20.51,20.73,21.56,-0.8299999999999983,-3.849721706864556,1633861.3,3536334.213
002603.SZ,20220610,20.63,23.12,20.61,21.86,20.73,1.129999999999999,5.451037144235403,3035096.14,6840600.029
002603.SZ,20220617,21.63,22.47,20.45,22.18,21.86,0.3200000000000003,1.4638609332113461,2484394.33,5547893.773
002603.SZ,20220624,22.23,24.89,22.23,24.18,22.18,2.0,9.017132551848512,4102365.56,10020440.264
002603.SZ,20220701,24.36,24.97,23.03,23.15,24.18,-1.0300000000000011,-4.259718775847813,2352100.74,5735807.249
002603.SZ,20220708,23.39,24.7,23.06,24.32,23.15,1.1700000000000017,5.0539956803455794,2672247.29,6636243.393
002603.SZ,20220715,24.8,27.63,24.55,24.96,24.32,0.6400000000000006,2.6315789473684235,3851156.15,10220172.262
002603.SZ,20220722,25.04,25.65,23.49,23.77,24.96,-1.1900000000000013,-4.767628205128211,1881810.09,4740555.681
002603.SZ,20220729,23.72,24.06,21.66,21.75,23.77,-2.0199999999999996,-8.498106857383254,1556740.43,3594295.491
002603.SZ,20220805,21.76,22.05,20.58,21.23,21.75,-0.5199999999999996,-2.3908045977011474,1300521.31,2803069.841
002603.SZ,20220812,21.61,22.42,21.46,21.89,21.23,0.6600000000000001,3.1088082901554412,1316632.41,2945814.893
002603.SZ,20220819,21.8,21.84,21.08,21.09,21.89,-0.8000000000000007,-3.6546368204659694,826156.46,1811382.823
002603.SZ,20220826,21.05,21.44,19.97,21.08,21.09,-0.010000000000001563,-0.04741583688952851,1101427.48,2350139.235
002603.SZ,20220902,20.93,21.87,20.67,21.37,21.08,0.2900000000000027,1.3757115749525746,1136636.35,2467075.3049999997
002603.SZ,20220909,21.37,22.18,20.69,21.42,21.37,0.05000000000000071,0.2339728591483421,1196679.48,2609636.44
002603.SZ,20220916,21.4,21.92,19.96,19.96,21.42,-1.4600000000000009,-6.816059757236231,824110.7,1770633.111
002603.SZ,20220923,19.97,20.26,18.51,18.83,19.96,-1.1300000000000026,-5.661322645290594,843146.5700000001,1671788.174
002603.SZ,20220930,18.63,21.45,18.45,21.28,18.83,2.450000000000003,13.011152416356895,1845032.69,3784732.4760000003
002603.SZ,20221014,21.55,22.57,20.34,22.18,21.28,0.8999999999999986,4.229323308270669,2224679.88,4883506.62
002603.SZ,20221021,22.2,25.07,21.75,24.51,22.18,2.330000000000002,10.504959422903525,3365304.5300000003,8024385.943
002603.SZ,20221028,25.34,28.53,23.72,27.52,24.51,3.009999999999998,12.280701754385955,4519317.13,12064343.433
002603.SZ,20221104,28.35,35.64,27.45,34.24,27.52,6.720000000000002,24.418604651162802,6035713.12,19649582.981
002603.SZ,20221111,34.11,35.87,30.41,30.59,34.24,-3.650000000000002,-10.660046728971968,5448355.58,18359006.15
002603.SZ,20221118,30.59,46.6,30.59,45.36,30.59,14.77,48.2837528604119,8805612.57,35193582.077
002603.SZ,20221125,43.84,47.69,38.8,40.67,45.36,-4.689999999999998,-10.339506172839501,8243427.32,35229886.095
002603.SZ,20221202,41.12,46.39,39.79,41.27,40.67,0.6000000000000014,1.4752889107450242,7055407.09,30771295.909
002603.SZ,20221209,42.73,52.89,41.3,49.87,41.27,8.599999999999994,20.838381390840787,11020666.68,53131206.05
002603.SZ,20221216,49.87,52.08,43.25,44.29,49.87,-5.579999999999998,-11.189091638259471,7446353.9,35787893.07
002603.SZ,20221223,42.78,43.02,35.02,35.42,44.29,-8.869999999999997,-20.027094152178815,5274456.86,20525973.295
002603.SZ,20221230,35.32,35.49,29.31,29.36,35.42,-6.060000000000002,-17.1089779785432,4732083.25,15341239.045
002603.SZ,20230106,29.36,30.16,28.37,28.7,29.36,-0.6600000000000001,-2.247956403269755,2791042.0300000003,8310732.12
002603.SZ,20230113,29.01,29.73,27.74,28.99,28.7,0.28999999999999915,1.010452961672471,3685765.29,10902850.819
002603.SZ,20230120,28.91,29.49,27.99,28.33,28.99,-0.6600000000000001,-2.2766471196964475,2175066.37,6329972.73
002603.SZ,20230203,28.35,29.57,27.65,28.77,28.33,0.4400000000000013,1.553123896929055,2774420.49,8175744.852
002603.SZ,20230210,28.65,29.3,28.1,28.59,28.77,-0.17999999999999972,-0.6256517205422305,1871580.73,5481363.624
002603.SZ,20230217,28.5,32.79,28.35,31.95,28.59,3.3599999999999994,11.752360965372507,4666970.65,14332083.581
002603.SZ,20230224,31.97,31.97,29.4,29.44,31.95,-2.509999999999998,-7.856025039123625,3234350.12,10077495.648
002603.SZ,20230303,29.44,30.46,28.7,29.58,29.44,0.13999999999999702,0.47554347826085946,2268835.32,6840328.548
002603.SZ,20230310,29.68,29.86,27.78,27.95,29.58,-1.629999999999999,-5.510480054090599,1464073.15,4295998.751
002603.SZ,20230317,27.74,30.12,27.11,28.65,27.95,0.6999999999999993,2.50447227191413,2770047.7600000002,8121236.941
002603.SZ,20230324,28.45,28.73,27.45,27.51,28.65,-1.139999999999997,-3.9790575916230266,1410554.46,4027422.661
002603.SZ,20230331,27.45,28.62,26.97,28.53,27.51,1.0199999999999996,3.707742639040347,1410068.56,4003605.725
002603.SZ,20230407,28.51,31.54,28.38,30.37,28.53,1.8399999999999999,6.449351559761654,2048163.4200000002,6314021.881999999
002603.SZ,20230414,30.53,31.06,29.46,30.42,30.37,0.05000000000000071,0.16463615409944257,1474138.22,4536394.331
002603.SZ,20230421,30.42,31.35,29.21,30.23,30.42,-0.19000000000000128,-0.6245890861275518,1631948.53,5050627.265
002603.SZ,20230428,30.86,31.9,28.29,30.84,30.23,0.6099999999999994,2.0178630499503787,3096541.76,9646591.406
002603.SZ,20230505,30.58,32.63,30.24,31.31,30.84,0.46999999999999886,1.5239948119325515,1145360.81,3707299.405
002603.SZ,20230512,31.27,31.71,27.74,28.42,31.31,-2.889999999999997,-9.23027786649632,1734157.62,5133011.159
002603.SZ,20230519,28.43,29.29,27.55,28.48,28.42,0.05999999999999872,0.2111189303307485,1334567.38,3872451.363
002603.SZ,20230526,28.57,30.17,27.94,28.6,28.48,0.120000000000001,0.42134831460674504,1858386.68,5497050.438
002603.SZ,20230602,28.52,28.72,27.47,27.95,28.6,-0.6500000000000021,-2.27272727272728,991021.46,2829829.7649999997
002603.SZ,20230609,27.93,28.1,25.7,26.32,27.95,-1.629999999999999,-5.8318425760286186,1093709.85,2996766.37
002603.SZ,20230616,26.33,26.45,25.37,26.19,26.32,-0.129999999999999,-0.4939209726443732,859478.48,2285205.422
002603.SZ,20230621,26.21,26.39,25.12,25.13,26.19,-1.0600000000000023,-4.047346315387561,491309.19000000006,1292061.793
002603.SZ,20230630,24.96,25.43,24.5,25.18,25.13,0.05000000000000071,0.19896538002387867,732491.22,1867626.321
002603.SZ,20230707,25.18,25.39,24.33,24.39,25.18,-0.7899999999999991,-3.137410643367749,696510.26,1772555.37
002603.SZ,20230714,24.39,24.63,24.02,24.5,24.39,0.10999999999999943,0.45100451004509806,632689.38,1575554.128
002603.SZ,20230721,24.55,24.88,23.75,24.2,24.5,-0.3000000000000007,-1.2244897959183703,705465.82,1719760.124
002603.SZ,20230728,24.21,24.87,24.03,24.77,24.2,0.5700000000000003,2.3553719008264475,683979.29,1680957.826
002603.SZ,20230804,24.77,25.12,23.78,24.63,24.77,-0.14000000000000057,-0.5651998385143342,1002901.82,2461284.308
002603.SZ,20230811,24.63,24.97,23.04,24.37,24.63,-0.259999999999998,-1.0556232237109135,1543551.4300000002,3715010.3839999996
002603.SZ,20230818,24.34,24.47,22.88,22.89,24.37,-1.4800000000000004,-6.073040623717687,1024257.52,2428309.071
002603.SZ,20230825,22.9,23.74,22.21,22.58,22.89,-0.3100000000000023,-1.3543031891655843,794529.26,1818284.27
002603.SZ,20230901,23.5,23.75,22.74,23.04,22.58,0.46000000000000085,2.037201062887515,942407.71,2187655.82
002603.SZ,20230908,23.08,23.27,21.91,21.97,23.04,-1.0700000000000003,-4.644097222222224,631664.85,1430397.326
002603.SZ,20230915,21.97,22.75,21.95,22.39,21.97,0.4200000000000017,1.9116977696859432,749812.35,1679411.463
002603.SZ,20230922,22.44,23.57,22.12,22.88,22.39,0.48999999999999844,2.188476998660109,1307940.58,2976241.828
002603.SZ,20230928,22.88,23.89,22.82,23.46,22.88,0.5800000000000018,2.534965034965043,1247213.04,2923344.863
002603.SZ,20231013,23.44,24.31,22.8,24.09,23.46,0.629999999999999,2.685421994884906,1384241.81,3274692.6550000003
002603.SZ,20231020,24.21,24.34,21.22,21.64,24.09,-2.4499999999999993,-10.170195101701948,1220567.46,2770134.019
002603.SZ,20231027,21.7,22.35,21.21,22.29,21.64,0.6499999999999986,3.003696857670973,765444.6,1659641.279
002603.SZ,20231103,21.81,22.43,21.72,21.92,22.29,-0.36999999999999744,-1.659937191565713,710163.05,1569409.5829999999
002603.SZ,20231110,21.98,23.22,21.98,22.86,21.92,0.9399999999999977,4.2883211678832005,1088459.85,2479858.005
002603.SZ,20231117,22.98,23.23,22.64,23.09,22.86,0.23000000000000043,1.006124234470693,672347.56,1542513.768
002603.SZ,20231124,23.17,26.26,22.85,25.97,23.09,2.879999999999999,12.47293200519705,2092112.33,5086920.0600000005
002603.SZ,20231201,26.26,27.25,24.73,24.88,25.97,-1.0899999999999999,-4.197150558336542,2886919.58,7394898.522
002603.SZ,20231208,25.06,25.29,23.55,24.91,24.88,0.030000000000001137,0.12057877813505281,1795745.3199999998,4383109.778
002603.SZ,20231215,24.82,25.98,24.01,24.01,24.91,-0.8999999999999986,-3.6130068245684406,1519574.48,3798809.1810000003
002603.SZ,20231222,23.8,24.43,22.78,23.14,24.01,-0.870000000000001,-3.623490212411499,814463.13,1912765.295
002603.SZ,20231229,22.32,22.48,21.53,22.25,23.14,-0.8900000000000006,-3.8461538461538485,655714.3999999999,1495962.966
002603.SZ,20240105,22.25,23.6,22.13,22.3,22.25,0.05000000000000071,0.2247191011235987,687942.7,1618580.795
002603.SZ,20240112,22.18,22.42,21.31,21.61,22.3,-0.6900000000000013,-3.0941704035874493,577659.0,1302022.792
002603.SZ,20240119,21.71,22.25,20.89,21.64,21.61,0.030000000000001137,0.13882461823230513,618024.0800000001,1391932.832
002603.SZ,20240126,21.51,21.66,20.49,21.51,21.64,-0.129999999999999,-0.6007393715341913,546588.46,1200502.283
002603.SZ,20240202,21.54,21.61,17.99,18.56,21.51,-2.950000000000003,-13.71455137145515,683737.8300000001,1394104.992
002603.SZ,20240208,18.28,20.16,17.17,20.01,18.56,1.4500000000000028,7.812500000000015,750479.8200000001,1485385.176
002603.SZ,20240223,20.13,20.73,19.9,20.54,20.01,0.5299999999999976,2.6486756621689036,696405.74,1472514.831
002603.SZ,20240301,20.53,21.43,20.28,20.78,20.54,0.240000000000002,1.1684518013632035,809609.7,1741817.7739999997
002603.SZ,20240308,20.79,21.31,19.89,20.09,20.78,-0.6900000000000013,-3.3205004812319596,689519.42,1472781.333
002603.SZ,20240315,20.18,21.25,20.15,20.78,20.09,0.6900000000000013,3.434544549527134,780671.26,1679094.425
002603.SZ,20240322,20.72,21.06,20.0,20.08,20.78,-0.7000000000000028,-3.3686236766121405,577408.74,1235318.95
002603.SZ,20240329,19.96,20.17,19.19,19.45,20.08,-0.629999999999999,-3.1374501992031822,451169.89,917110.519
002603.SZ,20240403,19.49,19.8,19.41,19.55,19.45,0.10000000000000142,0.5141388174807271,243057.48,493833.23600000003
002603.SZ,20240412,19.54,19.72,18.86,18.93,19.55,-0.620000000000001,-3.1713554987212325,430821.63,861688.758
002603.SZ,20240419,18.81,19.22,18.47,18.62,18.93,-0.3099999999999987,-1.6376122556788097,534146.25,1043374.4720000001
002603.SZ,20240426,18.62,18.9,18.28,18.88,18.62,0.259999999999998,1.3963480128893555,561061.27,1085898.481
002603.SZ,20240430,17.8,18.41,17.56,18.16,18.88,-0.7199999999999989,-3.813559322033892,572194.27,1072733.272
002603.SZ,20240510,18.28,18.95,18.28,18.61,18.16,0.4499999999999993,2.4779735682819344,764968.05,1482330.745
002603.SZ,20240517,18.62,19.37,18.56,18.72,18.61,0.10999999999999943,0.5910800644814586,948213.24,1869697.504
002603.SZ,20240524,18.68,18.81,17.82,17.87,18.72,-0.8499999999999979,-4.540598290598279,489512.24,932751.157
002603.SZ,20240531,17.97,17.99,17.21,17.51,17.87,-0.35999999999999943,-2.01454952434247,433915.33999999997,789096.951
002603.SZ,20240607,17.47,17.72,16.9,17.16,17.51,-0.3500000000000014,-1.9988577955454105,498803.78,895079.892
002603.SZ,20240614,17.16,17.21,16.35,16.41,17.16,-0.75,-4.370629370629371,418430.26,728313.628
002603.SZ,20240621,16.43,16.52,15.19,15.57,16.41,-0.8399999999999999,-5.118829981718463,589729.73,970341.64
002603.SZ,20240628,15.43,15.55,14.69,14.78,15.57,-0.7900000000000009,-5.0738599871547905,463515.15,720476.555
002603.SZ,20240705,14.78,15.03,14.13,14.77,14.78,-0.009999999999999787,-0.0676589986468186,530431.73,805297.259
002603.SZ,20240712,14.78,15.14,13.95,15.06,14.77,0.2900000000000009,1.9634394041977044,605247.6,916789.2220000001
002603.SZ,20240719,15.0,15.55,14.87,15.4,15.06,0.33999999999999986,2.2576361221779537,532887.8,839815.196
002603.SZ,20240726,15.39,15.6,14.72,15.03,15.4,-0.370000000000001,-2.402597402597409,358438.3,553206.773
002603.SZ,20240802,15.02,16.19,14.77,15.91,15.03,0.8800000000000008,5.8549567531603515,546205.31,865028.645
002603.SZ,20240809,15.82,16.31,15.68,15.69,15.91,-0.22000000000000064,-1.3827781269641775,618385.59,1006635.6140000001
002603.SZ,20240816,15.92,18.56,15.91,16.78,15.69,1.0900000000000016,6.947100063734873,2448559.45,4302808.721
002603.SZ,20240823,16.61,16.61,15.04,15.08,16.78,-1.700000000000001,-10.13110846245531,886014.38,1419674.4239999999
002603.SZ,20240830,15.04,15.43,14.6,15.18,15.08,0.09999999999999964,0.6631299734747986,571223.99,874585.2849999999
002603.SZ,20240906,15.18,15.32,14.81,14.91,15.18,-0.2699999999999996,-1.7786561264822107,427061.09,654333.84
002603.SZ,20240913,14.88,15.06,14.46,14.48,14.91,-0.4299999999999997,-2.8839704896042906,320945.71,480008.73
002603.SZ,20240920,14.48,14.49,14.12,14.41,14.48,-0.07000000000000028,-0.48342541436464287,229315.19,333717.284
002603.SZ,20240927,14.39,16.56,14.31,16.31,14.41,1.8999999999999986,13.185287994448288,912110.46,1428725.369
002603.SZ,20240930,16.71,17.84,16.7,17.71,16.31,1.4000000000000021,8.583690987124477,517046.95,914124.095
002603.SZ,20241011,19.47,19.48,16.11,16.27,17.71,-1.4400000000000013,-8.130999435347269,1492741.31,2704403.525
002603.SZ,20241018,16.36,16.73,15.92,16.51,16.27,0.240000000000002,1.4751075599262569,743954.1000000001,1235247.666
002603.SZ,20241025,16.52,17.39,16.37,17.13,16.51,0.6199999999999974,3.755299818291928,989383.96,1707004.848
002603.SZ,20241101,17.14,17.59,16.36,16.61,17.13,-0.5199999999999996,-3.035610040863979,1084075.15,1874031.3769999999
002603.SZ,20241108,16.61,17.98,16.52,17.6,16.61,0.990000000000002,5.960264900662264,1185319.3199999998,2083714.7179999999
002603.SZ,20241115,17.54,18.49,17.15,17.16,17.6,-0.4400000000000013,-2.500000000000007,1286504.1400000001,2335364.069
002603.SZ,20241122,17.3,17.37,16.53,16.54,17.16,-0.620000000000001,-3.6130536130536193,701731.06,1215764.637
002603.SZ,20241129,16.59,17.17,16.31,16.92,16.54,0.38000000000000256,2.2974607013301243,550286.07,936500.529
002603.SZ,20241206,16.9,17.16,16.41,16.73,16.92,-0.19000000000000128,-1.1229314420803858,701415.87,1196129.939
002603.SZ,20241213,16.8,17.6,16.54,16.98,16.73,0.25,1.4943215780035863,1544151.0,2674724.275
002603.SZ,20241220,17.01,17.18,15.74,16.25,16.98,-0.7300000000000004,-4.29917550058893,1085477.1,1795786.768
002603.SZ,20241227,16.29,16.46,15.72,16.03,16.25,-0.21999999999999886,-1.3538461538461468,612645.27,994981.381
002603.SZ,20250103,16.08,16.49,15.21,15.51,16.03,-0.5200000000000014,-3.243917654398012,762363.12,1227692.547
002603.SZ,20250110,15.97,17.24,15.38,15.41,15.51,-0.09999999999999964,-0.6447453255963871,2772107.64,4641872.873
002603.SZ,20250117,15.29,15.76,15.07,15.48,15.41,0.07000000000000028,0.4542504866969519,959623.73,1510458.2850000001
002603.SZ,20250124,15.55,15.62,13.02,13.5,15.48,-1.9800000000000004,-12.790697674418608,1351294.87,1929364.111
002603.SZ,20250127,13.49,13.68,13.38,13.38,13.5,-0.11999999999999922,-0.8888888888888832,151177.15,207552.044
002603.SZ,20250207,13.56,14.21,13.48,14.09,13.38,0.7099999999999991,5.306427503736914,735848.76,1042950.763
002603.SZ,20250214,14.11,14.65,14.11,14.4,14.09,0.3100000000000005,2.2001419446415933,946719.8400000001,1386933.609
002603.SZ,20250221,14.41,14.52,13.79,13.94,14.4,-0.46000000000000085,-3.1944444444444504,720702.96,1032286.069
002603.SZ,20250228,13.94,14.08,13.64,13.66,13.94,-0.27999999999999936,-2.0086083213773267,747701.8200000001,1052870.17
002603.SZ,20250307,13.72,13.98,13.69,13.75,13.66,0.08999999999999986,0.6588579795021952,601502.83,845807.113
002603.SZ,20250314,13.8,13.99,13.69,13.98,13.75,0.23000000000000043,1.6727272727272757,661413.51,932909.908
002603.SZ,20250321,13.98,14.89,13.9,14.45,13.98,0.46999999999999886,3.36194563662374,1456334.3599999999,2144010.53
002603.SZ,20250328,14.38,14.38,13.88,14.1,14.45,-0.34999999999999964,-2.4221453287197208,753042.53,1081078.123
002603.SZ,20250403,14.09,14.41,13.71,14.02,14.1,-0.08000000000000007,-0.5673758865248233,635261.37,909986.1
002603.SZ,20250411,13.56,13.56,12.2,13.07,14.02,-0.9499999999999993,-6.776034236804559,981022.78,1286576.941
002603.SZ,20250418,13.15,13.3,12.85,12.96,13.07,-0.10999999999999943,-0.8416220351950989,388305.31,516630.469
002603.SZ,20250425,13.01,13.54,12.88,13.02,12.96,0.05999999999999872,0.46296296296295303,563455.9,756731.488
002603.SZ,20250430,13.01,13.59,12.89,13.5,13.02,0.4800000000000004,3.6866359447004644,385362.91,520907.223
002603.SZ,20250509,13.54,13.74,13.42,13.62,13.5,0.11999999999999922,0.8888888888888832,383817.47,530719.383
002603.SZ,20250516,13.71,15.41,13.57,14.96,13.62,1.3400000000000016,9.838472834067561,1252278.4300000002,1839050.068
002603.SZ,20250523,14.97,15.0,14.37,14.48,14.96,-0.4800000000000004,-3.208556149732623,1343676.8,1993114.9309999999
002603.SZ,20250530,14.43,14.72,14.08,14.32,14.48,-0.16000000000000014,-1.1049723756906087,737462.25,1076662.966
002603.SZ,20250606,14.3,14.68,14.19,14.22,14.32,-0.09999999999999964,-0.6983240223463663,605586.17,889791.462
002603.SZ,20250613,14.25,14.68,14.24,14.27,14.22,0.049999999999998934,0.35161744022502767,728630.41,1074151.465
002603.SZ,20250620,14.2,14.38,13.65,13.67,14.27,-0.5999999999999996,-4.204625087596354,511806.25,727895.827
002603.SZ,20250627,13.56,13.93,13.54,13.78,13.67,0.10999999999999943,0.8046817849305006,433708.54,609163.176
002603.SZ,20250704,13.79,15.13,13.72,14.74,13.78,0.9600000000000009,6.966618287373011,1456019.74,2154219.7770000002
002603.SZ,20250711,14.65,14.84,14.33,14.66,14.74,-0.08000000000000007,-0.5427408412483045,1049708.11,1554015.025
002603.SZ,20250718,14.64,14.96,14.45,14.94,14.66,0.27999999999999936,1.9099590723055888,845787.9,1269470.154
002603.SZ,20250725,14.94,16.32,14.82,15.78,14.94,0.8399999999999999,5.622489959839356,2042558.9000000001,3254420.4509999994
002603.SZ,20250801,16.1,16.82,15.89,16.07,15.78,0.2900000000000009,1.8377693282636307,1881757.07,3114902.808
002603.SZ,20250808,16.0,16.39,15.62,15.7,16.07,-0.370000000000001,-2.3024268823895517,1133761.34,1837690.704
002603.SZ,20250815,15.69,16.11,15.41,15.61,15.7,-0.08999999999999986,-0.5732484076433112,907355.79,1454013.045
002603.SZ,20250822,15.62,16.39,15.58,15.96,15.61,0.3500000000000014,2.242152466367722,1146237.98,1864190.37
002603.SZ,20250829,16.05,16.47,15.63,16.1,15.96,0.14000000000000057,0.877192982456144,1543624.74,2527278.9189999998
002603.SZ,20250905,16.09,17.02,15.55,16.11,16.1,0.00999999999999801,0.062111801242223666,1591011.32,2644203.5609999998
002603.SZ,20250912,16.06,17.57,16.03,16.9,16.11,0.7899999999999991,4.903786468032273,1722654.52,2975875.352
002603.SZ,20250919,16.9,16.98,16.04,16.18,16.9,-0.7199999999999989,-4.260355029585792,910125.1,1528919.088
002603.SZ,20250926,16.27,16.44,15.5,15.54,16.18,-0.6400000000000006,-3.955500618046975,661647.73,1061408.3630000001
002603.SZ,20250930,15.53,15.67,15.25,15.62,15.54,0.08000000000000007,0.5148005148005153,225536.27,356131.426
002603.SZ,20251010,15.66,16.04,15.66,15.94,15.62,0.3200000000000003,2.0486555697823325,290234.06,468516.375
002603.SZ,20251017,15.61,17.1,15.49,16.65,15.94,0.7099999999999991,4.454203262233369,1274728.07,2120688.7369999997
002603.SZ,20251024,16.74,17.78,16.52,17.1,16.65,0.45000000000000284,2.70270270270272,1474504.93,2548157.444
002603.SZ,20251031,17.09,18.23,16.9,17.88,17.1,0.7799999999999976,4.561403508771916,1498178.8399999999,2648014.488
002603.SZ,20251107,18.0,19.25,17.3,18.72,17.88,0.8399999999999999,4.697986577181208,1540769.92,2790477.781
002603.SZ,20251114,18.88,21.58,18.58,21.05,18.72,2.330000000000002,12.446581196581208,3921093.4,7888667.188
002603.SZ,20251121,21.06,21.1,18.02,18.07,21.05,-2.9800000000000004,-14.156769596199526,2279160.26,4407073.29
002603.SZ,20251128,18.21,19.58,18.03,18.67,18.07,0.6000000000000014,3.3204205866076446,2166211.76,4092476.654
002603.SZ,20251205,18.65,19.1,17.76,18.19,18.67,-0.4800000000000004,-2.5709694697375487,1421396.04,2637754.017
002603.SZ,20251212,18.43,18.44,17.3,17.49,18.19,-0.7000000000000028,-3.8482682792743415,1219061.75,2154983.145
002603.SZ,20251219,17.4,17.7,17.06,17.56,17.49,0.07000000000000028,0.40022870211549627,716618.96,1245381.037
002603.SZ,20251226,17.56,17.58,17.22,17.34,17.56,-0.21999999999999886,-1.2528473804100164,590463.04,1025208.2949999999
002603.SZ,20251231,17.3,17.38,16.97,17.07,17.34,-0.2699999999999996,-1.5570934256055338,384019.41000000003,658018.407
002603.SZ,20260109,17.07,17.92,17.05,17.91,17.07,0.8399999999999999,4.920913884007029,996891.5,1757631.8930000002
002603.SZ,20260116,17.89,18.18,17.35,17.55,17.91,-0.35999999999999943,-2.010050251256278,1192587.08,2122364.679
002603.SZ,20260123,17.49,18.98,17.43,18.61,17.55,1.0599999999999987,6.039886039886032,1287009.07,2348678.415
002603.SZ,20260130,18.94,20.26,17.42,17.57,18.61,-1.0399999999999991,-5.588393336915632,2833059.5700000003,5315685.428
002603.SZ,20260206,17.57,18.79,17.25,18.08,17.57,0.509999999999998,2.902675014228788,1297272.12,2327827.1210000003
002603.SZ,20260213,17.8,18.2,17.36,17.4,18.08,-0.6799999999999997,-3.761061946902654,933181.9400000001,1660986.928
002603.SZ,20260227,17.39,17.84,17.36,17.48,17.4,0.08000000000000185,0.4597701149425394,531252.11,933419.137
